003,000156,1,2020/06/18,11:21:02,000,3
002,000953,0,2020/06/18,13:12:39,000,3
004,000855,0,2020/06/18,13:17:04,000,3
004,000834,0,2020/06/18,14:02:02,000,3
004,000581,0,2020/06/18,14:04:15,000,3
002,001010,0,2020/06/18,14:10:50,000,3
002,000624,0,2020/06/18,14:10:53,000,3
002,001011,0,2020/06/18,14:10:57,000,3
002,000888,0,2020/06/18,14:11:00,000,3
001,000570,1,2020/06/18,14:17:04,000,3
002,000635,0,2020/06/18,14:18:54,000,3
002,000890,0,2020/06/18,14:18:58,000,3
002,000120,0,2020/06/18,14:27:01,000,3
001,000706,1,2020/06/18,14:27:56,000,3
003,000579,1,2020/06/18,14:35:28,000,3
004,000240,0,2020/06/18,14:38:16,000,3
003,000703,1,2020/06/18,14:43:57,000,3
004,000301,0,2020/06/18,14:44:24,000,3
004,000197,0,2020/06/18,14:44:40,000,3
002,000777,0,2020/06/18,14:49:20,000,3
004,000383,0,2020/06/18,14:49:22,000,3
004,000540,0,2020/06/18,14:49:32,000,3
003,000621,1,2020/06/18,14:50:02,000,3
003,000907,1,2020/06/18,14:53:31,000,3
003,001071,1,2020/06/18,14:59:00,000,3
004,000793,0,2020/06/18,14:59:06,000,3
003,000623,1,2020/06/18,14:59:17,000,3
003,000709,1,2020/06/18,14:59:47,000,3
003,001081,1,2020/06/18,14:59:51,000,3
003,000589,1,2020/06/18,15:00:35,000,3
002,000868,0,2020/06/18,15:00:35,000,3
004,000565,0,2020/06/18,15:00:57,000,3
004,000542,0,2020/06/18,15:01:00,000,3
004,001077,0,2020/06/18,15:01:16,000,3
003,000904,1,2020/06/18,15:01:35,000,3
003,000577,1,2020/06/18,15:01:40,000,3
002,000605,0,2020/06/18,15:01:50,000,3
002,000571,0,2020/06/18,15:02:11,000,3
004,000536,0,2020/06/18,15:02:52,000,3
004,000552,0,2020/06/18,15:03:00,000,3
002,000543,0,2020/06/18,15:03:38,000,3
004,000551,0,2020/06/18,15:04:22,000,3
004,000559,0,2020/06/18,15:04:51,000,3
004,000608,0,2020/06/18,15:04:57,000,3
004,001069,0,2020/06/18,15:05:25,000,3
002,000557,0,2020/06/18,15:05:30,000,3
004,000775,0,2020/06/18,15:05:30,000,3
002,000558,0,2020/06/18,15:05:35,000,3
004,000850,0,2020/06/18,15:06:48,000,3
003,000576,1,2020/06/18,15:08:11,000,3
004,001084,0,2020/06/18,15:08:41,000,3
003,000302,1,2020/06/18,15:08:51,000,3
003,000541,1,2020/06/18,15:09:01,000,3
002,000548,0,2020/06/18,15:09:15,000,3
004,000567,0,2020/06/18,15:09:56,000,3
004,000867,0,2020/06/18,15:10:33,000,3
004,000549,0,2020/06/18,15:11:46,000,3
004,000893,0,2020/06/18,15:13:12,000,3
004,000758,0,2020/06/18,15:14:11,000,3
004,000554,0,2020/06/18,15:14:47,000,3
004,001073,0,2020/06/18,15:15:44,000,3
002,000367,0,2020/06/18,15:15:47,000,3
002,000365,0,2020/06/18,15:15:50,000,3
004,000545,0,2020/06/18,15:16:00,000,3
004,000590,0,2020/06/18,15:16:38,000,3
004,001076,0,2020/06/18,15:18:00,000,3
004,001075,0,2020/06/18,15:18:03,000,3
001,000903,1,2020/06/18,15:18:04,000,3
004,000574,0,2020/06/18,15:18:06,000,3
003,000136,1,2020/06/18,15:18:09,000,3
002,000320,0,2020/06/18,15:20:46,000,3
004,000761,0,2020/06/18,15:21:25,000,3
004,000562,0,2020/06/18,15:22:26,000,3
001,000491,1,2020/06/18,15:22:36,000,3
001,000158,1,2020/06/18,15:23:22,000,3
004,000823,0,2020/06/18,15:24:00,000,3
002,000307,0,2020/06/18,15:24:41,000,3
002,001068,0,2020/06/18,15:30:52,000,3
003,001062,1,2020/06/18,15:33:24,000,3
003,000827,1,2020/06/18,15:33:54,000,3
003,001009,1,2020/06/18,15:36:17,000,3
004,000842,0,2020/06/18,15:40:42,000,3
002,000362,0,2020/06/18,15:41:33,000,3
003,000781,1,2020/06/18,15:41:47,000,3
003,000270,1,2020/06/18,15:42:04,000,3
004,000387,0,2020/06/18,15:42:15,000,3
003,000825,1,2020/06/18,15:42:21,000,3
004,000114,0,2020/06/18,15:43:29,000,3
004,000620,0,2020/06/18,15:43:58,000,3
001,000144,1,2020/06/18,15:46:06,000,3
001,000265,1,2020/06/18,15:46:09,000,3
001,000215,1,2020/06/18,15:46:49,000,3
003,000294,1,2020/06/18,15:47:00,000,3
002,000312,0,2020/06/18,15:47:09,000,3
003,000426,1,2020/06/18,15:47:22,000,3
004,000111,0,2020/06/18,15:48:02,000,3
003,000323,1,2020/06/18,15:48:08,000,3
004,000216,0,2020/06/18,15:48:51,000,3
001,000821,1,2020/06/18,15:49:24,000,3
001,001064,1,2020/06/18,15:49:27,000,3
002,000356,0,2020/06/18,15:49:34,000,3
004,001003,0,2020/06/18,15:49:34,000,3
002,000348,0,2020/06/18,15:49:42,000,3
003,000162,1,2020/06/18,15:49:56,000,3
003,001053,1,2020/06/18,15:49:59,000,3
004,000295,0,2020/06/18,15:50:24,000,3
002,000336,0,2020/06/18,15:50:36,000,3
004,000017,0,2020/06/18,15:50:58,000,3
002,000872,0,2020/06/18,15:51:34,000,3
003,000004,1,2020/06/18,15:52:24,000,3
002,000343,0,2020/06/18,15:52:32,000,3
001,001043,1,2020/06/18,15:52:35,000,3
002,000364,0,2020/06/18,15:52:36,000,3
002,000368,0,2020/06/18,15:52:40,000,3
004,000466,0,2020/06/18,15:53:03,000,3
002,000906,0,2020/06/18,15:53:15,000,3
001,000181,1,2020/06/18,15:53:41,000,3
003,000192,1,2020/06/18,15:53:59,000,3
001,000128,1,2020/06/18,15:54:12,000,3
004,000100,0,2020/06/18,15:54:17,000,3
002,000030,0,2020/06/18,15:54:26,000,3
003,000654,1,2020/06/18,15:54:29,000,3
004,000140,0,2020/06/18,15:55:54,000,3
004,000268,0,2020/06/18,15:55:57,000,3
003,000283,1,2020/06/18,15:56:39,000,3
004,000704,0,2020/06/18,15:56:40,000,3
001,000402,1,2020/06/18,15:56:46,000,3
003,000021,1,2020/06/18,15:57:05,000,3
003,000201,1,2020/06/18,15:57:15,000,3
001,000818,1,2020/06/18,15:57:18,000,3
004,000201,0,2020/06/18,15:57:48,000,3
004,000097,0,2020/06/18,15:58:11,000,3
002,000507,0,2020/06/18,15:59:27,000,3
001,000148,1,2020/06/18,15:59:28,000,3
001,000366,1,2020/06/18,15:59:33,000,3
004,000723,0,2020/06/18,15:59:34,000,3
004,000395,0,2020/06/18,15:59:38,000,3
004,000815,0,2020/06/18,15:59:41,000,3
002,000366,0,2020/06/18,16:00:28,000,3
004,000015,0,2020/06/18,16:00:56,000,3
004,000018,0,2020/06/18,16:01:11,000,3
001,000246,1,2020/06/18,16:01:26,000,3
004,001047,0,2020/06/18,16:01:38,000,3
003,000203,1,2020/06/18,16:02:00,000,3
004,000213,0,2020/06/18,16:02:07,000,3
002,000310,0,2020/06/18,16:02:08,000,3
001,000281,1,2020/06/18,16:02:25,000,3
003,000282,1,2020/06/18,16:02:37,000,3
004,000195,0,2020/06/18,16:02:39,000,3
003,000170,1,2020/06/18,16:02:43,000,3
004,000458,0,2020/06/18,16:02:54,000,3
004,000469,0,2020/06/18,16:02:57,000,3
001,000288,1,2020/06/18,16:03:07,000,3
004,000501,0,2020/06/18,16:04:35,000,3
004,000996,0,2020/06/18,16:04:46,000,3
002,001028,0,2020/06/18,16:05:51,000,3
004,000457,0,2020/06/18,16:07:25,000,3
004,000218,0,2020/06/18,16:08:21,000,3
004,000566,0,2020/06/18,16:08:58,000,3
002,000925,0,2020/06/18,16:09:34,000,3
004,000118,0,2020/06/18,16:09:49,000,3
004,000358,0,2020/06/18,16:10:00,000,3
004,000350,0,2020/06/18,16:10:04,000,3
002,000899,0,2020/06/18,16:10:53,000,3
002,001032,0,2020/06/18,16:10:56,000,3
004,001060,0,2020/06/18,16:11:11,000,3
004,000503,0,2020/06/18,16:11:46,000,3
004,000156,0,2020/06/18,16:12:34,000,3
004,000099,0,2020/06/18,16:13:23,000,3
004,000879,0,2020/06/18,16:13:53,000,3
004,000504,0,2020/06/18,16:13:56,000,3
002,000896,0,2020/06/18,16:13:59,000,3
002,001046,0,2020/06/18,16:14:10,000,3
004,000338,0,2020/06/18,16:14:55,000,3
004,000176,0,2020/06/18,16:15:19,000,3
004,000139,0,2020/06/18,16:15:32,000,3
002,000369,0,2020/06/18,16:15:51,000,3
004,000508,0,2020/06/18,16:16:08,000,3
004,000915,0,2020/06/18,16:16:28,000,3
004,000208,0,2020/06/18,16:16:35,000,3
004,000243,0,2020/06/18,16:17:03,000,3
002,000182,0,2020/06/18,16:17:39,000,3
001,000419,1,2020/06/18,16:17:50,000,3
004,000737,0,2020/06/18,16:18:13,000,3
002,000816,0,2020/06/18,16:18:53,000,3
004,000388,0,2020/06/18,16:19:30,000,3
002,000835,0,2020/06/18,16:20:04,000,3
004,000319,0,2020/06/18,16:21:53,000,3
002,000738,0,2020/06/18,16:21:53,000,3
004,000132,0,2020/06/18,16:22:06,000,3
004,000134,0,2020/06/18,16:22:09,000,3
004,000633,0,2020/06/18,16:23:38,000,3
004,000517,0,2020/06/18,16:24:02,000,3
004,000518,0,2020/06/18,16:24:10,000,3
004,000523,0,2020/06/18,16:24:14,000,3
002,000926,0,2020/06/18,16:24:18,000,3
002,000152,0,2020/06/18,16:24:27,000,3
004,000498,0,2020/06/18,16:24:39,000,3
002,000280,0,2020/06/18,16:25:50,000,3
004,000493,0,2020/06/18,16:27:12,000,3
002,001035,0,2020/06/18,16:27:46,000,3
004,000277,0,2020/06/18,16:27:47,000,3
002,000189,0,2020/06/18,16:27:51,000,3
004,000424,0,2020/06/18,16:28:43,000,3
002,000159,0,2020/06/18,16:28:45,000,3
004,000717,0,2020/06/18,16:29:09,000,3
004,000527,0,2020/06/18,16:29:18,000,3
004,000724,0,2020/06/18,16:29:23,000,3
004,000610,0,2020/06/18,16:29:26,000,3
004,000499,0,2020/06/18,16:29:30,000,3
002,000505,0,2020/06/18,16:29:38,000,3
002,000884,0,2020/06/18,16:29:54,000,3
002,000413,0,2020/06/18,16:29:57,000,3
002,000714,0,2020/06/18,16:30:06,000,3
002,000664,0,2020/06/18,16:30:17,000,3
002,000440,0,2020/06/18,16:30:35,000,3
002,000351,0,2020/06/18,16:30:57,000,3
004,001054,0,2020/06/18,16:31:09,000,3
002,000112,0,2020/06/18,16:31:16,000,3
004,000519,0,2020/06/18,16:31:23,000,3
002,000166,0,2020/06/18,16:32:02,000,3
002,000206,0,2020/06/18,16:32:11,000,3
002,000849,0,2020/06/18,16:33:44,000,3
002,000530,0,2020/06/18,16:34:20,000,3
004,000242,0,2020/06/18,16:35:03,000,3
002,000372,0,2020/06/18,16:35:06,000,3
002,000497,0,2020/06/18,16:35:47,000,3
004,000959,0,2020/06/18,16:36:10,000,3
002,000663,0,2020/06/18,16:36:14,000,3
004,000510,0,2020/06/18,16:36:40,000,3
002,000725,0,2020/06/18,16:37:21,000,3
004,000222,0,2020/06/18,16:37:26,000,3
002,000534,0,2020/06/18,16:37:34,000,3
002,000526,0,2020/06/18,16:37:37,000,3
004,000124,0,2020/06/18,16:38:17,000,3
002,000150,0,2020/06/18,16:38:19,000,3
004,000944,0,2020/06/18,16:39:16,000,3
004,000763,0,2020/06/18,16:40:46,000,3
004,000632,0,2020/06/18,16:41:03,000,3
002,000618,0,2020/06/18,16:41:05,000,3
004,000613,0,2020/06/18,16:43:28,000,3
004,000734,0,2020/06/18,16:44:09,000,3
004,000801,0,2020/06/18,16:44:32,000,3
004,000807,0,2020/06/18,16:44:40,000,3
002,000489,0,2020/06/18,16:45:39,000,3
002,000441,0,2020/06/18,16:47:36,000,3
002,000453,0,2020/06/18,16:47:41,000,3
004,000715,0,2020/06/18,16:48:56,000,3
002,000235,0,2020/06/18,16:49:00,000,3
002,000512,0,2020/06/18,16:49:25,000,3
002,000900,0,2020/06/18,16:50:57,000,3
002,000843,0,2020/06/18,16:51:00,000,3
002,000180,0,2020/06/18,16:51:56,000,3
002,000488,0,2020/06/18,16:52:53,000,3
004,001067,0,2020/06/18,16:54:00,000,3
001,000524,1,2020/06/18,16:54:59,000,3
002,000167,0,2020/06/18,16:55:27,000,3
002,000616,0,2020/06/18,16:55:30,000,3
004,000564,0,2020/06/18,16:55:50,000,3
002,000524,0,2020/06/18,16:55:55,000,3
002,000521,0,2020/06/18,16:55:58,000,3
002,000681,0,2020/06/18,16:56:08,000,3
004,000289,0,2020/06/18,16:56:51,000,3
004,000121,0,2020/06/18,16:57:15,000,3
004,001001,0,2020/06/18,16:58:27,000,3
002,000874,0,2020/06/18,16:58:29,000,3
002,000943,0,2020/06/18,16:58:32,000,3
002,000875,0,2020/06/18,16:58:35,000,3
002,001052,0,2020/06/18,16:58:38,000,3
004,000897,0,2020/06/18,16:59:52,000,3
004,000528,0,2020/06/18,17:01:57,000,3
004,001065,0,2020/06/18,17:04:00,000,3
004,001066,0,2020/06/18,17:04:27,000,3
004,001079,0,2020/06/18,17:04:36,000,3
002,000491,0,2020/06/18,17:08:19,000,3
004,000175,0,2020/06/18,17:09:31,000,3
002,000110,0,2020/06/18,17:09:34,000,3
002,000428,0,2020/06/18,17:09:37,000,3
002,000155,0,2020/06/18,17:11:01,000,3
002,000142,0,2020/06/18,17:11:52,000,3
004,000914,0,2020/06/18,17:12:11,000,3
002,000496,0,2020/06/18,17:50:23,000,3
004,000782,0,2020/06/18,17:53:43,000,3
002,000637,0,2020/06/18,17:57:57,000,3
002,000886,0,2020/06/18,17:58:01,000,3
002,000630,0,2020/06/18,17:58:04,000,3
002,000625,0,2020/06/18,17:58:07,000,3
002,000891,0,2020/06/18,17:58:11,000,3
002,000640,0,2020/06/18,17:58:37,000,3
004,001082,0,2020/06/18,18:09:10,000,3
002,000887,0,2020/06/18,18:15:33,000,3
002,000889,0,2020/06/18,18:15:43,000,3
004,001072,0,2020/06/18,18:21:04,000,3
002,000638,0,2020/06/18,18:23:25,000,3
002,000639,0,2020/06/18,18:23:30,000,3
003,000588,1,2020/06/18,18:34:56,000,3
001,000547,1,2020/06/18,18:57:27,000,3
003,000698,1,2020/06/18,19:02:45,000,3
004,000774,0,2020/06/18,19:05:07,000,3
004,001000,0,2020/06/18,19:22:39,000,3
004,000612,0,2020/06/18,19:24:39,000,3
004,000668,0,2020/06/18,19:41:00,000,3
001,000341,1,2020/06/18,19:43:57,000,3
004,000661,0,2020/06/18,19:54:25,000,3
004,001004,0,2020/06/18,19:56:25,000,3
004,000699,0,2020/06/18,19:56:29,000,3
003,000673,1,2020/06/18,19:59:59,000,3
003,000660,1,2020/06/18,20:00:04,000,3
003,000680,1,2020/06/18,20:01:40,000,3
003,000662,1,2020/06/18,20:02:24,000,3
003,000657,1,2020/06/18,20:04:25,000,3
004,000690,0,2020/06/18,20:10:45,000,3
003,000919,1,2020/06/18,20:24:19,000,3
003,000573,1,2020/06/18,21:10:35,000,3
002,000706,0,2020/06/18,21:29:31,000,3
004,000998,0,2020/06/18,21:31:18,000,3
003,000537,1,2020/06/18,22:14:57,000,3
003,000578,1,2020/06/18,22:15:00,000,3
004,000621,0,2020/06/18,22:45:51,000,3
004,000579,0,2020/06/18,22:46:44,000,3
003,001070,1,2020/06/18,22:48:01,000,3
004,001029,0,2020/06/18,22:50:41,000,3
004,000907,0,2020/06/18,22:52:55,000,3
004,000570,0,2020/06/18,22:54:10,000,3
003,000550,1,2020/06/18,22:54:24,000,3
003,000607,1,2020/06/18,22:54:29,000,3
003,000604,1,2020/06/18,22:54:32,000,3
004,000589,0,2020/06/18,22:54:49,000,3
003,000770,1,2020/06/18,22:54:55,000,3
004,000623,0,2020/06/18,22:55:08,000,3
004,000709,0,2020/06/18,22:55:40,000,3
004,000605,0,2020/06/18,22:57:38,000,3
004,000302,0,2020/06/18,22:58:55,000,3
002,000903,0,2020/06/18,23:00:22,000,3
001,000587,1,2020/06/18,23:01:26,000,3
003,000685,1,2020/06/18,23:02:56,000,3
004,001071,0,2020/06/18,23:05:02,000,3
004,001081,0,2020/06/18,23:05:18,000,3
004,000576,0,2020/06/18,23:09:22,000,3
004,000904,0,2020/06/18,23:15:33,000,3
004,000162,0,2020/06/18,23:22:08,000,3
004,000164,0,2020/06/18,23:29:09,000,3
004,000225,0,2020/06/18,23:32:13,000,3
004,000541,0,2020/06/18,23:33:26,000,3
004,000960,0,2020/06/18,23:35:16,000,3
004,000115,0,2020/06/18,23:37:14,000,3
004,000703,0,2020/06/18,23:43:25,000,3
004,000096,0,2020/06/18,23:56:27,000,3
004,001037,0,2020/06/18,23:58:55,000,3
001,001011,1,2020/06/19,05:18:13,000,3
001,001010,1,2020/06/19,05:18:18,000,3
001,000890,1,2020/06/19,05:18:22,000,3
001,000635,1,2020/06/19,05:18:26,000,3
001,000624,1,2020/06/19,05:18:30,000,3
001,000888,1,2020/06/19,05:18:37,000,3
003,000868,1,2020/06/19,06:21:01,000,3
001,000557,1,2020/06/19,06:33:10,000,3
003,000565,1,2020/06/19,06:40:26,000,3
003,000542,1,2020/06/19,06:40:29,000,3
003,000569,1,2020/06/19,06:40:32,000,3
003,000571,1,2020/06/19,06:45:29,000,3
003,001077,1,2020/06/19,06:45:44,000,3
003,000777,1,2020/06/19,06:46:03,000,3
003,000893,1,2020/06/19,06:46:06,000,3
003,000554,1,2020/06/19,06:48:22,000,3
003,000540,1,2020/06/19,06:50:00,000,3
003,000562,1,2020/06/19,06:53:14,000,3
003,000704,1,2020/06/19,06:53:17,000,3
002,000341,0,2020/06/19,06:53:45,000,3
003,000558,1,2020/06/19,06:56:07,000,3
003,000867,1,2020/06/19,06:56:11,000,3
003,000567,1,2020/06/19,06:56:16,000,3
003,000301,1,2020/06/19,06:57:09,000,3
003,001069,1,2020/06/19,06:57:13,000,3
003,001076,1,2020/06/19,06:57:22,000,3
003,000552,1,2020/06/19,06:58:16,000,3
003,000543,1,2020/06/19,06:59:37,000,3
001,000545,1,2020/06/19,07:00:23,000,3
004,000604,0,2020/06/19,07:01:13,000,3
004,000550,0,2020/06/19,07:01:17,000,3
003,000546,1,2020/06/19,07:01:22,000,3
003,000774,1,2020/06/19,07:02:35,000,3
003,000556,1,2020/06/19,07:02:40,000,3
004,000587,0,2020/06/19,07:03:41,000,3
002,000685,0,2020/06/19,07:04:17,000,3
003,000717,1,2020/06/19,07:05:10,000,3
003,000758,1,2020/06/19,07:05:50,000,3
003,000549,1,2020/06/19,07:05:54,000,3
001,000548,1,2020/06/19,07:06:38,000,3
003,000710,1,2020/06/19,07:06:41,000,3
004,000537,0,2020/06/19,07:06:59,000,3
003,001074,1,2020/06/19,07:08:08,000,3
003,000536,1,2020/06/19,07:08:14,000,3
003,000466,1,2020/06/19,07:08:30,000,3
003,000590,1,2020/06/19,07:09:16,000,3
001,001072,1,2020/06/19,07:09:28,000,3
003,000551,1,2020/06/19,07:09:58,000,3
003,001075,1,2020/06/19,07:10:02,000,3
004,001070,0,2020/06/19,07:10:50,000,3
003,000850,1,2020/06/19,07:12:45,000,3
003,000855,1,2020/06/19,07:14:06,000,3
003,000581,1,2020/06/19,07:14:10,000,3
004,000657,0,2020/06/19,07:14:31,000,3
003,001073,1,2020/06/19,07:14:40,000,3
004,000584,0,2020/06/19,07:16:52,000,3
004,000573,0,2020/06/19,07:18:44,000,3
004,000578,0,2020/06/19,07:18:51,000,3
004,000607,0,2020/06/19,07:19:15,000,3
004,000770,0,2020/06/19,07:20:36,000,3
003,000771,1,2020/06/19,07:21:36,000,3
001,000370,1,2020/06/19,07:22:01,000,3
003,000574,1,2020/06/19,07:22:54,000,3
001,001068,1,2020/06/19,07:23:45,000,3
003,000559,1,2020/06/19,07:25:19,000,3
003,000564,1,2020/06/19,07:25:23,000,3
003,001084,1,2020/06/19,07:25:30,000,3
002,000547,0,2020/06/19,07:27:08,000,3
003,000011,1,2020/06/19,07:28:41,000,3
004,000588,0,2020/06/19,07:29:26,000,3
003,000528,1,2020/06/19,07:35:04,000,3
003,000314,1,2020/06/19,07:35:31,000,3
003,000381,1,2020/06/19,07:39:37,000,3
003,000140,1,2020/06/19,07:41:14,000,3
003,000268,1,2020/06/19,07:41:18,000,3
003,000295,1,2020/06/19,07:41:21,000,3
003,000499,1,2020/06/19,07:41:25,000,3
003,000723,1,2020/06/19,07:41:55,000,3
003,000519,1,2020/06/19,07:41:58,000,3
004,000673,0,2020/06/19,07:42:23,000,3
003,000166,1,2020/06/19,07:42:41,000,3
001,000307,1,2020/06/19,07:42:43,000,3
003,001052,1,2020/06/19,07:43:04,000,3
003,000530,1,2020/06/19,07:43:11,000,3
003,000523,1,2020/06/19,07:43:55,000,3
003,000724,1,2020/06/19,07:44:03,000,3
001,000155,1,2020/06/19,07:44:21,000,3
003,000315,1,2020/06/19,07:44:28,000,3
003,000469,1,2020/06/19,07:44:32,000,3
003,000512,1,2020/06/19,07:44:36,000,3
003,000137,1,2020/06/19,07:44:42,000,3
001,000491,1,2020/06/19,07:44:52,000,3
003,000182,1,2020/06/19,07:45:30,000,3
003,000610,1,2020/06/19,07:45:43,000,3
003,000005,1,2020/06/19,07:46:37,000,3
003,000100,1,2020/06/19,07:46:40,000,3
003,000096,1,2020/06/19,07:46:43,000,3
001,000493,1,2020/06/19,07:46:46,000,3
003,000715,1,2020/06/19,07:47:27,000,3
003,000944,1,2020/06/19,07:47:31,000,3
003,001005,1,2020/06/19,07:48:05,000,3
004,001005,0,2020/06/19,07:48:47,000,3
003,000121,1,2020/06/19,07:49:18,000,3
001,000159,1,2020/06/19,07:49:42,000,3
001,000198,1,2020/06/19,07:49:45,000,3
003,000897,1,2020/06/19,07:50:00,000,3
001,000310,1,2020/06/19,07:50:03,000,3
003,000953,1,2020/06/19,07:50:22,000,3
003,000213,1,2020/06/19,07:50:44,000,3
001,000813,1,2020/06/19,07:51:02,000,3
001,000275,1,2020/06/19,07:51:06,000,3
003,000242,1,2020/06/19,07:51:37,000,3
003,000959,1,2020/06/19,07:52:28,000,3
003,000566,1,2020/06/19,07:52:32,000,3
003,000208,1,2020/06/19,07:52:40,000,3
003,000285,1,2020/06/19,07:52:43,000,3
001,000256,1,2020/06/19,07:52:56,000,3
001,000507,1,2020/06/19,07:53:01,000,3
002,000425,0,2020/06/19,07:53:33,000,3
002,000439,0,2020/06/19,07:53:43,000,3
003,000154,1,2020/06/19,07:53:52,000,3
001,000312,1,2020/06/19,07:54:15,000,3
003,000387,1,2020/06/19,07:54:16,000,3
003,000134,1,2020/06/19,07:54:22,000,3
003,000132,1,2020/06/19,07:54:26,000,3
003,001028,1,2020/06/19,07:54:41,000,3
003,001033,1,2020/06/19,07:54:51,000,3
003,000841,1,2020/06/19,07:55:07,000,3
001,000150,1,2020/06/19,07:55:08,000,3
001,000616,1,2020/06/19,07:55:12,000,3
003,000503,1,2020/06/19,07:55:35,000,3
003,001030,1,2020/06/19,07:55:45,000,3
003,000782,1,2020/06/19,07:55:57,000,3
003,000097,1,2020/06/19,07:56:01,000,3
003,001079,1,2020/06/19,07:56:30,000,3
003,000534,1,2020/06/19,07:56:37,000,3
003,000526,1,2020/06/19,07:56:40,000,3
003,000823,1,2020/06/19,07:56:55,000,3
003,000403,1,2020/06/19,07:57:11,000,3
003,000793,1,2020/06/19,07:57:18,000,3
003,000524,1,2020/06/19,07:57:22,000,3
003,000527,1,2020/06/19,07:58:14,000,3
001,000514,1,2020/06/19,07:58:27,000,3
003,000817,1,2020/06/19,07:58:32,000,3
003,000504,1,2020/06/19,07:58:39,000,3
003,000695,1,2020/06/19,07:58:52,000,3
003,000212,1,2020/06/19,07:58:55,000,3
001,000656,1,2020/06/19,07:59:03,000,3
003,000518,1,2020/06/19,07:59:05,000,3
003,000156,1,2020/06/19,07:59:19,000,3
003,000429,1,2020/06/19,07:59:27,000,3
004,000402,0,2020/06/19,07:59:33,000,3
003,000659,1,2020/06/19,07:59:44,000,3
003,000693,1,2020/06/19,07:59:52,000,3
004,000660,0,2020/06/19,08:00:23,000,3
003,000124,1,2020/06/19,08:00:35,000,3
003,000130,1,2020/06/19,08:00:39,000,3
001,000879,1,2020/06/19,08:00:39,000,3
003,000195,1,2020/06/19,08:00:56,000,3
003,000458,1,2020/06/19,08:00:59,000,3
003,000116,1,2020/06/19,08:01:09,000,3
001,000206,1,2020/06/19,08:01:13,000,3
003,000677,1,2020/06/19,08:01:14,000,3
004,000680,0,2020/06/19,08:01:17,000,3
001,001032,1,2020/06/19,08:01:26,000,3
001,000424,1,2020/06/19,08:01:30,000,3
003,000176,1,2020/06/19,08:01:35,000,3
001,000336,1,2020/06/19,08:01:36,000,3
002,000662,0,2020/06/19,08:01:38,000,3
001,000914,1,2020/06/19,08:01:42,000,3
001,000372,1,2020/06/19,08:02:07,000,3
003,000816,1,2020/06/19,08:02:09,000,3
001,000896,1,2020/06/19,08:02:10,000,3
003,000197,1,2020/06/19,08:02:13,000,3
003,000260,1,2020/06/19,08:02:18,000,3
003,000138,1,2020/06/19,08:02:52,000,3
003,001050,1,2020/06/19,08:02:57,000,3
003,000010,1,2020/06/19,08:03:00,000,3
003,001004,1,2020/06/19,08:03:03,000,3
003,000699,1,2020/06/19,08:03:06,000,3
003,000815,1,2020/06/19,08:03:10,000,3
003,000942,1,2020/06/19,08:03:13,000,3
003,000101,1,2020/06/19,08:03:17,000,3
003,000501,1,2020/06/19,08:03:20,000,3
004,000138,0,2020/06/19,08:03:23,000,3
003,001082,1,2020/06/19,08:03:24,000,3
003,001001,1,2020/06/19,08:03:28,000,3
003,001003,1,2020/06/19,08:03:32,000,3
001,000496,1,2020/06/19,08:04:00,000,3
001,000497,1,2020/06/19,08:04:04,000,3
001,000681,1,2020/06/19,08:04:08,000,3
003,000801,1,2020/06/19,08:04:09,000,3
003,000697,1,2020/06/19,08:04:13,000,3
003,000172,1,2020/06/19,08:04:17,000,3
003,000714,1,2020/06/19,08:04:20,000,3
003,000949,1,2020/06/19,08:04:23,000,3
003,000018,1,2020/06/19,08:04:26,000,3
001,000408,1,2020/06/19,08:04:26,000,3
001,000438,1,2020/06/19,08:04:29,000,3
003,000340,1,2020/06/19,08:04:30,000,3
001,000234,1,2020/06/19,08:04:33,000,3
003,000233,1,2020/06/19,08:04:34,000,3
001,000262,1,2020/06/19,08:04:36,000,3
003,000243,1,2020/06/19,08:04:38,000,3
001,000831,1,2020/06/19,08:04:39,000,3
001,000106,1,2020/06/19,08:04:43,000,3
001,000180,1,2020/06/19,08:04:46,000,3
001,000228,1,2020/06/19,08:04:50,000,3
001,000356,1,2020/06/19,08:05:00,000,3
003,000118,1,2020/06/19,08:05:08,000,3
002,000438,0,2020/06/19,08:05:20,000,3
001,000453,1,2020/06/19,08:05:34,000,3
001,000104,1,2020/06/19,08:05:38,000,3
001,000769,1,2020/06/19,08:05:41,000,3
004,000386,0,2020/06/19,08:05:46,000,3
003,000999,1,2020/06/19,08:05:47,000,3
004,000398,0,2020/06/19,08:05:49,000,3
001,000492,1,2020/06/19,08:05:59,000,3
001,000110,1,2020/06/19,08:06:07,000,3
001,000428,1,2020/06/19,08:06:11,000,3
001,000235,1,2020/06/19,08:06:23,000,3
003,000113,1,2020/06/19,08:06:40,000,3
001,000505,1,2020/06/19,08:06:54,000,3
001,000632,1,2020/06/19,08:07:18,000,3
001,000756,1,2020/06/19,08:07:37,000,3
004,000405,0,2020/06/19,08:07:38,000,3
004,000919,0,2020/06/19,08:07:41,000,3
001,000189,1,2020/06/19,08:07:44,000,3
003,000515,1,2020/06/19,08:07:45,000,3
001,000120,1,2020/06/19,08:07:47,000,3
001,000038,1,2020/06/19,08:07:51,000,3
003,000277,1,2020/06/19,08:07:51,000,3
003,000201,1,2020/06/19,08:08:16,000,3
004,000377,0,2020/06/19,08:08:22,000,3
001,000849,1,2020/06/19,08:08:25,000,3
001,000365,1,2020/06/19,08:08:29,000,3
001,000367,1,2020/06/19,08:08:33,000,3
003,000175,1,2020/06/19,08:08:44,000,3
003,000254,1,2020/06/19,08:08:47,000,3
001,000906,1,2020/06/19,08:08:58,000,3
001,000280,1,2020/06/19,08:09:02,000,3
002,000343,0,2020/06/19,08:09:03,000,3
002,000364,0,2020/06/19,08:09:07,000,3
002,000368,0,2020/06/19,08:09:11,000,3
003,000862,1,2020/06/19,08:09:34,000,3
003,000792,1,2020/06/19,08:09:38,000,3
003,000529,1,2020/06/19,08:09:47,000,3
003,000633,1,2020/06/19,08:09:50,000,3
001,000664,1,2020/06/19,08:09:53,000,3
003,000319,1,2020/06/19,08:09:54,000,3
001,000943,1,2020/06/19,08:10:00,000,3
003,000416,1,2020/06/19,08:10:06,000,3
001,000348,1,2020/06/19,08:10:09,000,3
001,000865,1,2020/06/19,08:10:13,000,3
001,000899,1,2020/06/19,08:10:21,000,3
001,000670,1,2020/06/19,08:10:40,000,3
003,000015,1,2020/06/19,08:10:42,000,3
003,000727,1,2020/06/19,08:11:17,000,3
004,000415,0,2020/06/19,08:11:30,000,3
003,000216,1,2020/06/19,08:11:52,000,3
003,000099,1,2020/06/19,08:11:55,000,3
003,000725,1,2020/06/19,08:11:59,000,3
001,000441,1,2020/06/19,08:12:01,000,3
003,000412,1,2020/06/19,08:12:17,000,3
003,001036,1,2020/06/19,08:12:21,000,3
003,000139,1,2020/06/19,08:12:25,000,3
001,000303,1,2020/06/19,08:13:04,000,3
003,000830,1,2020/06/19,08:13:14,000,3
001,000440,1,2020/06/19,08:13:39,000,3
001,000379,1,2020/06/19,08:13:54,000,3
003,000763,1,2020/06/19,08:14:17,000,3
001,000869,1,2020/06/19,08:14:31,000,3
001,000152,1,2020/06/19,08:14:34,000,3
001,000508,1,2020/06/19,08:14:38,000,3
001,001047,1,2020/06/19,08:14:43,000,3
001,000835,1,2020/06/19,08:14:51,000,3
003,000611,1,2020/06/19,08:14:57,000,3
001,000361,1,2020/06/19,08:15:11,000,3
001,000663,1,2020/06/19,08:15:15,000,3
004,000283,0,2020/06/19,08:16:18,000,3
004,000270,0,2020/06/19,08:16:21,000,3
001,000872,1,2020/06/19,08:16:31,000,3
003,000761,1,2020/06/19,08:16:49,000,3
001,000898,1,2020/06/19,08:17:09,000,3
001,000167,1,2020/06/19,08:17:24,000,3
004,000407,0,2020/06/19,08:17:36,000,3
001,000114,1,2020/06/19,08:18:15,000,3
003,000383,1,2020/06/19,08:18:16,000,3
004,000136,0,2020/06/19,08:18:20,000,3
003,001065,1,2020/06/19,08:19:00,000,3
003,000921,1,2020/06/19,08:20:00,000,3
001,000875,1,2020/06/19,08:20:02,000,3
001,000874,1,2020/06/19,08:20:05,000,3
001,000613,1,2020/06/19,08:20:10,000,3
002,000148,0,2020/06/19,08:20:12,000,3
004,000323,0,2020/06/19,08:20:55,000,3
002,000158,0,2020/06/19,08:21:30,000,3
004,000021,0,2020/06/19,08:21:31,000,3
003,000517,1,2020/06/19,08:22:09,000,3
003,000396,1,2020/06/19,08:22:16,000,3
004,000203,0,2020/06/19,08:22:24,000,3
001,000488,1,2020/06/19,08:23:14,000,3
002,000265,0,2020/06/19,08:23:54,000,3
003,000382,1,2020/06/19,08:24:15,000,3
003,000192,1,2020/06/19,08:24:21,000,3
004,000426,0,2020/06/19,08:24:23,000,3
001,000900,1,2020/06/19,08:24:27,000,3
004,000192,0,2020/06/19,08:24:56,000,3
004,001009,0,2020/06/19,08:25:21,000,3
002,000181,0,2020/06/19,08:27:08,000,3
001,000309,1,2020/06/19,08:27:40,000,3
004,001064,0,2020/06/19,08:30:09,000,3
004,000294,0,2020/06/19,08:30:12,000,3
002,000281,0,2020/06/19,08:30:16,000,3
001,000366,1,2020/06/19,08:31:02,000,3
004,000654,0,2020/06/19,08:32:05,000,3
003,000996,1,2020/06/19,08:32:16,000,3
002,000215,0,2020/06/19,08:32:38,000,3
002,000282,0,2020/06/19,08:33:21,000,3
002,000246,0,2020/06/19,08:34:12,000,3
002,000292,0,2020/06/19,08:34:16,000,3
003,000358,1,2020/06/19,08:34:43,000,3
003,000350,1,2020/06/19,08:34:46,000,3
004,000009,0,2020/06/19,08:34:57,000,3
004,000825,0,2020/06/19,08:35:08,000,3
004,000863,0,2020/06/19,08:35:21,000,3
004,000128,0,2020/06/19,08:38:51,000,3
002,000288,0,2020/06/19,08:39:02,000,3
002,000821,0,2020/06/19,08:39:42,000,3
004,000360,0,2020/06/19,08:42:54,000,3
003,000338,1,2020/06/19,08:43:41,000,3
004,000170,0,2020/06/19,08:43:42,000,3
004,000263,0,2020/06/19,08:44:45,000,3
004,001062,0,2020/06/19,08:44:49,000,3
003,001067,1,2020/06/19,08:47:19,000,3
004,000004,0,2020/06/19,08:48:59,000,3
001,000489,1,2020/06/19,08:49:51,000,3
001,000362,1,2020/06/19,08:52:05,000,3
002,000818,0,2020/06/19,08:54:12,000,3
004,000698,0,2020/06/19,08:58:17,000,3
001,000889,1,2020/06/19,09:03:00,000,3
002,000781,0,2020/06/19,09:11:12,000,3
001,000630,1,2020/06/19,09:50:21,000,3
001,000886,1,2020/06/19,09:57:40,000,3
001,000625,1,2020/06/19,09:57:44,000,3
001,000637,1,2020/06/19,09:57:48,000,3
001,000891,1,2020/06/19,09:57:52,000,3
001,000638,1,2020/06/19,10:01:17,000,3
001,000887,1,2020/06/19,10:01:20,000,3
001,000639,1,2020/06/19,10:01:24,000,3
003,001080,1,2020/06/19,10:01:54,000,3
003,001078,1,2020/06/19,10:01:58,000,3
001,000640,1,2020/06/19,10:08:38,000,3
004,000611,0,2020/06/19,12:49:07,000,3
002,000953,0,2020/06/19,13:14:58,000,3
004,000855,0,2020/06/19,13:49:21,000,3
004,000834,0,2020/06/19,14:10:51,000,3
002,000890,0,2020/06/19,14:17:47,000,3
002,001011,0,2020/06/19,14:17:50,000,3
002,000624,0,2020/06/19,14:17:54,000,3
002,001010,0,2020/06/19,14:17:57,000,3
002,000888,0,2020/06/19,14:18:00,000,3
002,000635,0,2020/06/19,14:18:03,000,3
001,000706,1,2020/06/19,14:29:43,000,3
003,000570,1,2020/06/19,14:35:32,000,3
003,000709,1,2020/06/19,14:38:46,000,3
004,000197,0,2020/06/19,14:38:51,000,3
003,000703,1,2020/06/19,14:38:58,000,3
003,000605,1,2020/06/19,14:40:26,000,3
002,000309,0,2020/06/19,14:41:03,000,3
001,000952,1,2020/06/19,14:43:53,000,3
003,000579,1,2020/06/19,14:45:44,000,3
003,000623,1,2020/06/19,14:46:46,000,3
003,000589,1,2020/06/19,14:46:53,000,3
002,000301,0,2020/06/19,14:47:01,000,3
003,000907,1,2020/06/19,14:47:42,000,3
003,000904,1,2020/06/19,14:49:11,000,3
004,000850,0,2020/06/19,14:50:59,000,3
002,000540,0,2020/06/19,14:52:08,000,3
001,000737,1,2020/06/19,14:52:54,000,3
004,000551,0,2020/06/19,14:54:27,000,3
001,000621,1,2020/06/19,14:56:22,000,3
003,001071,1,2020/06/19,14:56:44,000,3
002,000574,0,2020/06/19,14:56:50,000,3
002,000868,0,2020/06/19,14:57:06,000,3
002,000571,0,2020/06/19,14:57:16,000,3
003,000568,1,2020/06/19,14:57:53,000,3
004,000536,0,2020/06/19,14:58:27,000,3
004,001069,0,2020/06/19,14:59:59,000,3
004,001077,0,2020/06/19,15:00:07,000,3
001,000541,1,2020/06/19,15:00:30,000,3
002,000879,0,2020/06/19,15:00:39,000,3
004,000546,0,2020/06/19,15:01:14,000,3
004,000552,0,2020/06/19,15:01:45,000,3
002,000557,0,2020/06/19,15:02:03,000,3
003,001081,1,2020/06/19,15:02:16,000,3
002,000758,0,2020/06/19,15:02:44,000,3
004,000559,0,2020/06/19,15:03:11,000,3
002,000543,0,2020/06/19,15:03:28,000,3
004,000793,0,2020/06/19,15:04:22,000,3
002,001068,0,2020/06/19,15:05:24,000,3
004,001084,0,2020/06/19,15:05:39,000,3
004,000549,0,2020/06/19,15:06:14,000,3
002,000545,0,2020/06/19,15:06:30,000,3
003,000302,1,2020/06/19,15:08:01,000,3
002,000548,0,2020/06/19,15:08:10,000,3
004,000554,0,2020/06/19,15:08:11,000,3
004,000590,0,2020/06/19,15:08:38,000,3
002,000320,0,2020/06/19,15:09:38,000,3
003,001029,1,2020/06/19,15:09:42,000,3
004,000469,0,2020/06/19,15:10:06,000,3
002,000777,0,2020/06/19,15:10:09,000,3
004,001076,0,2020/06/19,15:11:26,000,3
004,001075,0,2020/06/19,15:11:31,000,3
001,000221,1,2020/06/19,15:12:13,000,3
001,000903,1,2020/06/19,15:12:19,000,3
001,000779,1,2020/06/19,15:13:11,000,3
004,000567,0,2020/06/19,15:13:12,000,3
004,000893,0,2020/06/19,15:13:28,000,3
004,000867,0,2020/06/19,15:13:45,000,3
002,001072,0,2020/06/19,15:13:52,000,3
004,001073,0,2020/06/19,15:15:25,000,3
004,000558,0,2020/06/19,15:18:35,000,3
004,000569,0,2020/06/19,15:18:38,000,3
004,000823,0,2020/06/19,15:19:29,000,3
004,000562,0,2020/06/19,15:24:16,000,3
003,000204,1,2020/06/19,15:25:20,000,3
002,000307,0,2020/06/19,15:27:25,000,3
002,000362,0,2020/06/19,15:27:29,000,3
001,000223,1,2020/06/19,15:30:25,000,3
001,000785,1,2020/06/19,15:30:29,000,3
001,000296,1,2020/06/19,15:31:29,000,3
002,000312,0,2020/06/19,15:31:30,000,3
003,001053,1,2020/06/19,15:37:27,000,3
003,001034,1,2020/06/19,15:37:31,000,3
003,001061,1,2020/06/19,15:39:49,000,3
003,000955,1,2020/06/19,15:41:12,000,3
003,001024,1,2020/06/19,15:41:28,000,3
004,000182,0,2020/06/19,15:42:11,000,3
001,000948,1,2020/06/19,15:42:17,000,3
003,000759,1,2020/06/19,15:42:51,000,3
004,001050,0,2020/06/19,15:45:09,000,3
002,000704,0,2020/06/19,15:45:13,000,3
001,000305,1,2020/06/19,15:46:01,000,3
001,000406,1,2020/06/19,15:46:25,000,3
001,000149,1,2020/06/19,15:46:42,000,3
003,001035,1,2020/06/19,15:47:00,000,3
002,000348,0,2020/06/19,15:47:40,000,3
002,000356,0,2020/06/19,15:47:51,000,3
002,000366,0,2020/06/19,15:47:54,000,3
003,000734,1,2020/06/19,15:49:40,000,3
003,000749,1,2020/06/19,15:49:43,000,3
001,001020,1,2020/06/19,15:49:47,000,3
001,000345,1,2020/06/19,15:49:50,000,3
002,000507,0,2020/06/19,15:49:59,000,3
002,000367,0,2020/06/19,15:50:32,000,3
002,000365,0,2020/06/19,15:51:01,000,3
002,000488,0,2020/06/19,15:51:09,000,3
003,000218,1,2020/06/19,15:51:36,000,3
002,000343,0,2020/06/19,15:51:51,000,3
002,000364,0,2020/06/19,15:51:56,000,3
002,000368,0,2020/06/19,15:52:00,000,3
002,000336,0,2020/06/19,15:53:27,000,3
003,000986,1,2020/06/19,15:53:37,000,3
002,000361,0,2020/06/19,15:54:02,000,3
002,000424,0,2020/06/19,15:54:26,000,3
001,000743,1,2020/06/19,15:54:28,000,3
001,000269,1,2020/06/19,15:54:50,000,3
002,001028,0,2020/06/19,15:55:16,000,3
003,000255,1,2020/06/19,15:55:41,000,3
002,000906,0,2020/06/19,15:55:46,000,3
001,000427,1,2020/06/19,15:55:51,000,3
002,000466,0,2020/06/19,15:55:52,000,3
004,000526,0,2020/06/19,15:57:10,000,3
004,000534,0,2020/06/19,15:57:14,000,3
004,000815,0,2020/06/19,15:57:25,000,3
002,000159,0,2020/06/19,15:57:55,000,3
004,000518,0,2020/06/19,15:58:03,000,3
004,000175,0,2020/06/19,15:58:31,000,3
004,001003,0,2020/06/19,15:58:35,000,3
003,000388,1,2020/06/19,15:58:37,000,3
004,000139,0,2020/06/19,15:58:54,000,3
004,000723,0,2020/06/19,15:59:14,000,3
004,000996,0,2020/06/19,15:59:24,000,3
001,000271,1,2020/06/19,15:59:25,000,3
002,000898,0,2020/06/19,15:59:32,000,3
004,000501,0,2020/06/19,15:59:34,000,3
004,000006,0,2020/06/19,15:59:58,000,3
003,000236,1,2020/06/19,16:00:07,000,3
004,000118,0,2020/06/19,16:00:14,000,3
004,000097,0,2020/06/19,16:00:56,000,3
004,000113,0,2020/06/19,16:01:00,000,3
004,000379,0,2020/06/19,16:01:03,000,3
003,000915,1,2020/06/19,16:01:20,000,3
002,000310,0,2020/06/19,16:01:32,000,3
004,000581,0,2020/06/19,16:01:47,000,3
002,000899,0,2020/06/19,16:01:50,000,3
003,000186,1,2020/06/19,16:03:11,000,3
004,000504,0,2020/06/19,16:03:40,000,3
004,000699,0,2020/06/19,16:03:51,000,3
003,000767,1,2020/06/19,16:04:07,000,3
003,000783,1,2020/06/19,16:04:56,000,3
001,000178,1,2020/06/19,16:05:26,000,3
004,000233,0,2020/06/19,16:05:31,000,3
004,000381,0,2020/06/19,16:05:41,000,3
004,000387,0,2020/06/19,16:05:46,000,3
002,000943,0,2020/06/19,16:05:53,000,3
004,000338,0,2020/06/19,16:05:56,000,3
004,000189,0,2020/06/19,16:06:00,000,3
004,001004,0,2020/06/19,16:06:30,000,3
004,001001,0,2020/06/19,16:07:19,000,3
004,000761,0,2020/06/19,16:08:56,000,3
001,000165,1,2020/06/19,16:09:15,000,3
004,000100,0,2020/06/19,16:09:54,000,3
004,001047,0,2020/06/19,16:10:01,000,3
004,000315,0,2020/06/19,16:10:50,000,3
002,000201,0,2020/06/19,16:10:55,000,3
004,000114,0,2020/06/19,16:11:01,000,3
002,001032,0,2020/06/19,16:11:15,000,3
004,000519,0,2020/06/19,16:12:30,000,3
002,000280,0,2020/06/19,16:13:01,000,3
004,000260,0,2020/06/19,16:13:21,000,3
004,000243,0,2020/06/19,16:13:56,000,3
002,000896,0,2020/06/19,16:13:57,000,3
004,000254,0,2020/06/19,16:13:59,000,3
004,000457,0,2020/06/19,16:15:50,000,3
004,001036,0,2020/06/19,16:16:32,000,3
004,000124,0,2020/06/19,16:17:09,000,3
002,000245,0,2020/06/19,16:17:47,000,3
002,000408,0,2020/06/19,16:17:55,000,3
001,000594,1,2020/06/19,16:20:28,000,3
004,000176,0,2020/06/19,16:21:43,000,3
004,000101,0,2020/06/19,16:22:00,000,3
002,000510,0,2020/06/19,16:22:29,000,3
002,000835,0,2020/06/19,16:23:12,000,3
002,000925,0,2020/06/19,16:23:26,000,3
004,000134,0,2020/06/19,16:24:42,000,3
002,000228,0,2020/06/19,16:25:24,000,3
002,000262,0,2020/06/19,16:25:27,000,3
004,000195,0,2020/06/19,16:25:37,000,3
004,000724,0,2020/06/19,16:25:41,000,3
004,000523,0,2020/06/19,16:25:44,000,3
004,000498,0,2020/06/19,16:26:30,000,3
004,001079,0,2020/06/19,16:26:38,000,3
004,000503,0,2020/06/19,16:27:07,000,3
004,000610,0,2020/06/19,16:27:10,000,3
002,000256,0,2020/06/19,16:27:19,000,3
002,000505,0,2020/06/19,16:27:36,000,3
002,000865,0,2020/06/19,16:27:52,000,3
004,000725,0,2020/06/19,16:28:10,000,3
002,000180,0,2020/06/19,16:28:30,000,3
002,000206,0,2020/06/19,16:28:33,000,3
004,000154,0,2020/06/19,16:28:50,000,3
004,000350,0,2020/06/19,16:28:56,000,3
002,000530,0,2020/06/19,16:29:13,000,3
002,000663,0,2020/06/19,16:29:20,000,3
004,000515,0,2020/06/19,16:30:08,000,3
004,000714,0,2020/06/19,16:30:17,000,3
004,000295,0,2020/06/19,16:30:22,000,3
004,001033,0,2020/06/19,16:30:39,000,3
002,000440,0,2020/06/19,16:32:04,000,3
002,000166,0,2020/06/19,16:32:09,000,3
004,000137,0,2020/06/19,16:33:11,000,3
004,000921,0,2020/06/19,16:34:05,000,3
004,000358,0,2020/06/19,16:34:24,000,3
004,000132,0,2020/06/19,16:34:28,000,3
002,000659,0,2020/06/19,16:34:53,000,3
002,000682,0,2020/06/19,16:34:57,000,3
003,000473,1,2020/06/19,16:35:00,000,3
004,000493,0,2020/06/19,16:35:21,000,3
002,000875,0,2020/06/19,16:36:11,000,3
002,000372,0,2020/06/19,16:36:21,000,3
002,000106,0,2020/06/19,16:36:53,000,3
004,000633,0,2020/06/19,16:36:54,000,3
004,000121,0,2020/06/19,16:37:16,000,3
004,000897,0,2020/06/19,16:37:19,000,3
004,000208,0,2020/06/19,16:37:23,000,3
004,000959,0,2020/06/19,16:37:26,000,3
004,000717,0,2020/06/19,16:38:54,000,3
002,000517,0,2020/06/19,16:40:09,000,3
002,000285,0,2020/06/19,16:40:33,000,3
002,000289,0,2020/06/19,16:40:47,000,3
002,000167,0,2020/06/19,16:42:03,000,3
002,000616,0,2020/06/19,16:42:06,000,3
002,000152,0,2020/06/19,16:42:26,000,3
002,000664,0,2020/06/19,16:42:40,000,3
002,000849,0,2020/06/19,16:42:57,000,3
002,000618,0,2020/06/19,16:43:19,000,3
002,000617,0,2020/06/19,16:43:22,000,3
002,000508,0,2020/06/19,16:43:35,000,3
002,000496,0,2020/06/19,16:43:39,000,3
002,000497,0,2020/06/19,16:43:42,000,3
002,000235,0,2020/06/19,16:44:26,000,3
002,001065,0,2020/06/19,16:44:43,000,3
002,000428,0,2020/06/19,16:44:47,000,3
002,000155,0,2020/06/19,16:44:51,000,3
004,000613,0,2020/06/19,16:45:08,000,3
004,000727,0,2020/06/19,16:45:16,000,3
004,000632,0,2020/06/19,16:45:20,000,3
002,000489,0,2020/06/19,16:45:43,000,3
002,000413,0,2020/06/19,16:46:25,000,3
002,000258,0,2020/06/19,16:46:29,000,3
002,000521,0,2020/06/19,16:46:33,000,3
