002,000181,0,2020/06/15,09:01:45,000,3
004,000004,0,2020/06/15,09:02:44,000,3
003,000395,1,2020/06/15,09:18:02,000,3
001,000489,1,2020/06/15,09:27:13,000,3
001,000888,1,2020/06/15,09:32:08,000,3
001,000889,1,2020/06/15,09:37:42,000,3
001,000637,1,2020/06/15,09:55:16,000,3
001,000891,1,2020/06/15,09:59:38,000,3
001,000886,1,2020/06/15,09:59:42,000,3
001,001010,1,2020/06/15,09:59:46,000,3
001,000887,1,2020/06/15,10:00:57,000,3
001,000639,1,2020/06/15,10:01:01,000,3
001,000638,1,2020/06/15,10:01:04,000,3
001,000636,1,2020/06/15,10:01:07,000,3
003,001078,1,2020/06/15,10:04:22,000,3
001,001080,1,2020/06/15,10:05:21,000,3
001,000640,1,2020/06/15,10:05:25,000,3
001,000336,1,2020/06/15,10:08:56,000,3
004,000381,0,2020/06/15,12:30:37,000,3
001,000491,1,2020/06/15,12:32:40,000,3
004,000611,0,2020/06/15,12:51:21,000,3
003,000570,1,2020/06/15,13:23:32,000,3
002,000953,0,2020/06/15,13:41:09,000,3
002,000624,0,2020/06/15,14:00:22,000,3
002,000630,0,2020/06/15,14:00:26,000,3
002,001011,0,2020/06/15,14:00:30,000,3
002,000635,0,2020/06/15,14:00:34,000,3
002,000625,0,2020/06/15,14:00:38,000,3
004,000834,0,2020/06/15,14:10:25,000,3
002,000890,0,2020/06/15,14:12:28,000,3
004,000581,0,2020/06/15,14:16:58,000,3
002,000120,0,2020/06/15,14:29:19,000,3
004,000240,0,2020/06/15,14:38:15,000,3
004,000197,0,2020/06/15,14:40:53,000,3
003,000907,1,2020/06/15,14:51:33,000,3
003,000709,1,2020/06/15,14:52:51,000,3
003,000703,1,2020/06/15,14:52:55,000,3
002,000301,0,2020/06/15,14:53:22,000,3
003,000623,1,2020/06/15,14:54:30,000,3
003,001029,1,2020/06/15,14:54:37,000,3
004,000540,0,2020/06/15,14:54:38,000,3
003,001071,1,2020/06/15,14:56:52,000,3
003,000605,1,2020/06/15,14:56:56,000,3
004,000850,0,2020/06/15,14:58:22,000,3
004,000565,0,2020/06/15,15:00:07,000,3
004,000542,0,2020/06/15,15:00:10,000,3
003,000541,1,2020/06/15,15:01:36,000,3
004,000571,0,2020/06/15,15:01:41,000,3
002,001068,0,2020/06/15,15:02:14,000,3
004,000559,0,2020/06/15,15:02:15,000,3
002,000868,0,2020/06/15,15:02:18,000,3
003,000621,1,2020/06/15,15:02:21,000,3
002,000320,0,2020/06/15,15:03:57,000,3
002,000590,0,2020/06/15,15:04:33,000,3
004,000569,0,2020/06/15,15:04:59,000,3
001,000903,1,2020/06/15,15:05:24,000,3
002,000879,0,2020/06/15,15:06:05,000,3
004,001077,0,2020/06/15,15:06:19,000,3
004,000536,0,2020/06/15,15:06:23,000,3
004,000608,0,2020/06/15,15:06:56,000,3
002,000558,0,2020/06/15,15:07:13,000,3
004,000551,0,2020/06/15,15:07:17,000,3
002,000548,0,2020/06/15,15:07:19,000,3
004,001075,0,2020/06/15,15:07:59,000,3
003,000302,1,2020/06/15,15:08:19,000,3
004,000554,0,2020/06/15,15:08:56,000,3
004,000546,0,2020/06/15,15:08:59,000,3
002,000178,0,2020/06/15,15:09:30,000,3
002,000777,0,2020/06/15,15:10:13,000,3
004,001076,0,2020/06/15,15:11:13,000,3
004,000574,0,2020/06/15,15:11:23,000,3
003,000136,1,2020/06/15,15:11:37,000,3
003,000705,1,2020/06/15,15:11:40,000,3
003,000576,1,2020/06/15,15:11:53,000,3
004,000705,0,2020/06/15,15:12:12,000,3
002,000545,0,2020/06/15,15:13:07,000,3
004,001072,0,2020/06/15,15:13:53,000,3
004,000567,0,2020/06/15,15:14:49,000,3
003,000737,1,2020/06/15,15:16:33,000,3
004,001069,0,2020/06/15,15:16:46,000,3
004,000549,0,2020/06/15,15:17:35,000,3
004,000893,0,2020/06/15,15:18:54,000,3
003,000577,1,2020/06/15,15:18:55,000,3
004,000566,0,2020/06/15,15:19:31,000,3
002,000543,0,2020/06/15,15:19:33,000,3
003,000568,1,2020/06/15,15:21:44,000,3
004,000855,0,2020/06/15,15:23:12,000,3
002,000309,0,2020/06/15,15:24:38,000,3
004,000867,0,2020/06/15,15:27:58,000,3
004,000823,0,2020/06/15,15:32:27,000,3
002,000307,0,2020/06/15,15:38:12,000,3
004,000383,0,2020/06/15,15:39:54,000,3
003,001053,1,2020/06/15,15:42:49,000,3
001,000158,1,2020/06/15,15:43:03,000,3
001,000406,1,2020/06/15,15:43:07,000,3
003,001062,1,2020/06/15,15:43:16,000,3
003,000176,1,2020/06/15,15:43:34,000,3
003,000759,1,2020/06/15,15:45:37,000,3
003,000225,1,2020/06/15,15:45:44,000,3
001,001023,1,2020/06/15,15:46:06,000,3
003,000154,1,2020/06/15,15:46:46,000,3
003,000825,1,2020/06/15,15:46:57,000,3
004,000562,0,2020/06/15,15:47:10,000,3
002,000367,0,2020/06/15,15:48:01,000,3
002,000365,0,2020/06/15,15:48:05,000,3
003,000379,1,2020/06/15,15:48:38,000,3
004,000366,0,2020/06/15,15:48:42,000,3
004,000704,0,2020/06/15,15:48:45,000,3
001,000132,1,2020/06/15,15:49:47,000,3
001,000161,1,2020/06/15,15:49:50,000,3
001,000271,1,2020/06/15,15:50:18,000,3
004,000100,0,2020/06/15,15:51:10,000,3
004,000295,0,2020/06/15,15:51:16,000,3
004,000012,0,2020/06/15,15:51:37,000,3
004,000801,0,2020/06/15,15:51:40,000,3
003,001060,1,2020/06/15,15:51:42,000,3
003,000827,1,2020/06/15,15:51:48,000,3
002,000872,0,2020/06/15,15:52:05,000,3
003,000807,1,2020/06/15,15:53:08,000,3
004,000277,0,2020/06/15,15:53:21,000,3
003,000416,1,2020/06/15,15:53:31,000,3
001,000818,1,2020/06/15,15:53:37,000,3
001,000108,1,2020/06/15,15:53:49,000,3
004,001047,0,2020/06/15,15:53:51,000,3
004,000140,0,2020/06/15,15:54:11,000,3
004,000182,0,2020/06/15,15:54:16,000,3
001,000184,1,2020/06/15,15:54:48,000,3
001,000148,1,2020/06/15,15:55:26,000,3
003,000870,1,2020/06/15,15:56:05,000,3
002,000424,0,2020/06/15,15:56:51,000,3
003,000260,1,2020/06/15,15:57:13,000,3
003,000021,1,2020/06/15,15:57:18,000,3
004,001004,0,2020/06/15,15:57:20,000,3
004,001050,0,2020/06/15,15:57:52,000,3
004,000268,0,2020/06/15,15:58:02,000,3
003,000124,1,2020/06/15,15:58:18,000,3
004,000005,0,2020/06/15,15:58:25,000,3
004,000466,0,2020/06/15,15:59:22,000,3
001,000246,1,2020/06/15,15:59:34,000,3
002,000906,0,2020/06/15,16:00:29,000,3
002,000361,0,2020/06/15,16:00:41,000,3
004,000458,0,2020/06/15,16:00:49,000,3
003,001064,1,2020/06/15,16:00:49,000,3
001,000305,1,2020/06/15,16:00:52,000,3
002,000899,0,2020/06/15,16:01:05,000,3
004,000006,0,2020/06/15,16:01:12,000,3
004,000186,0,2020/06/15,16:02:26,000,3
001,000274,1,2020/06/15,16:02:35,000,3
002,000310,0,2020/06/15,16:03:01,000,3
004,000201,0,2020/06/15,16:03:09,000,3
003,000170,1,2020/06/15,16:03:25,000,3
002,000142,0,2020/06/15,16:03:31,000,3
002,000413,0,2020/06/15,16:03:52,000,3
002,000943,0,2020/06/15,16:04:05,000,3
002,000159,0,2020/06/15,16:04:10,000,3
004,000138,0,2020/06/15,16:04:40,000,3
004,000996,0,2020/06/15,16:04:44,000,3
004,000761,0,2020/06/15,16:05:02,000,3
004,000388,0,2020/06/15,16:05:06,000,3
004,000353,0,2020/06/15,16:05:17,000,3
004,000469,0,2020/06/15,16:05:30,000,3
004,000501,0,2020/06/15,16:05:40,000,3
004,000216,0,2020/06/15,16:06:33,000,3
004,000803,0,2020/06/15,16:06:42,000,3
001,000941,1,2020/06/15,16:06:44,000,3
002,000336,0,2020/06/15,16:06:48,000,3
004,001003,0,2020/06/15,16:06:56,000,3
003,000473,1,2020/06/15,16:07:11,000,3
004,000387,0,2020/06/15,16:07:14,000,3
004,000723,0,2020/06/15,16:07:24,000,3
002,000265,0,2020/06/15,16:07:41,000,3
004,000118,0,2020/06/15,16:08:03,000,3
002,000343,0,2020/06/15,16:08:08,000,3
002,000150,0,2020/06/15,16:08:20,000,3
004,000921,0,2020/06/15,16:08:21,000,3
004,000009,0,2020/06/15,16:09:16,000,3
004,000243,0,2020/06/15,16:09:20,000,3
004,000952,0,2020/06/15,16:09:23,000,3
004,000015,0,2020/06/15,16:09:26,000,3
004,000505,0,2020/06/15,16:09:35,000,3
004,000507,0,2020/06/15,16:09:38,000,3
004,000213,0,2020/06/15,16:10:20,000,3
002,000408,0,2020/06/15,16:11:04,000,3
002,000515,0,2020/06/15,16:11:43,000,3
002,000457,0,2020/06/15,16:11:47,000,3
002,000422,0,2020/06/15,16:11:54,000,3
002,001032,0,2020/06/15,16:12:15,000,3
004,000099,0,2020/06/15,16:12:16,000,3
004,000283,0,2020/06/15,16:12:58,000,3
004,000959,0,2020/06/15,16:13:25,000,3
004,000208,0,2020/06/15,16:13:28,000,3
004,000815,0,2020/06/15,16:13:36,000,3
004,000247,0,2020/06/15,16:13:47,000,3
004,000338,0,2020/06/15,16:13:59,000,3
002,000813,0,2020/06/15,16:14:12,000,3
002,000488,0,2020/06/15,16:14:44,000,3
001,000752,1,2020/06/15,16:16:02,000,3
004,000319,0,2020/06/15,16:16:17,000,3
002,000285,0,2020/06/15,16:16:20,000,3
004,000842,0,2020/06/15,16:16:45,000,3
002,001028,0,2020/06/15,16:16:59,000,3
004,000233,0,2020/06/15,16:17:26,000,3
004,001001,0,2020/06/15,16:17:40,000,3
002,000189,0,2020/06/15,16:17:41,000,3
004,000113,0,2020/06/15,16:17:54,000,3
002,000896,0,2020/06/15,16:18:00,000,3
001,000419,1,2020/06/15,16:18:24,000,3
004,000205,0,2020/06/15,16:19:06,000,3
002,000356,0,2020/06/15,16:19:42,000,3
004,000504,0,2020/06/15,16:20:13,000,3
004,000203,0,2020/06/15,16:20:23,000,3
004,000139,0,2020/06/15,16:21:49,000,3
004,000294,0,2020/06/15,16:22:23,000,3
004,000162,0,2020/06/15,16:22:27,000,3
004,000767,0,2020/06/15,16:22:36,000,3
004,000134,0,2020/06/15,16:22:59,000,3
004,000503,0,2020/06/15,16:23:03,000,3
004,000523,0,2020/06/15,16:23:09,000,3
004,000724,0,2020/06/15,16:23:22,000,3
004,000518,0,2020/06/15,16:23:41,000,3
004,000402,0,2020/06/15,16:24:18,000,3
004,000863,0,2020/06/15,16:24:28,000,3
002,000112,0,2020/06/15,16:24:30,000,3
004,000514,0,2020/06/15,16:24:48,000,3
004,000395,0,2020/06/15,16:25:25,000,3
002,000152,0,2020/06/15,16:25:44,000,3
004,000211,0,2020/06/15,16:26:58,000,3
004,000114,0,2020/06/15,16:27:20,000,3
004,000717,0,2020/06/15,16:28:19,000,3
002,000149,0,2020/06/15,16:28:22,000,3
004,000633,0,2020/06/15,16:28:22,000,3
004,000137,0,2020/06/15,16:28:43,000,3
004,001035,0,2020/06/15,16:29:23,000,3
004,000527,0,2020/06/15,16:29:27,000,3
004,000242,0,2020/06/15,16:30:33,000,3
004,000499,0,2020/06/15,16:30:47,000,3
004,000610,0,2020/06/15,16:30:51,000,3
004,000195,0,2020/06/15,16:30:58,000,3
004,000166,0,2020/06/15,16:31:01,000,3
002,000206,0,2020/06/15,16:32:27,000,3
002,000292,0,2020/06/15,16:32:31,000,3
002,000884,0,2020/06/15,16:32:36,000,3
002,000372,0,2020/06/15,16:32:50,000,3
004,000519,0,2020/06/15,16:32:59,000,3
004,000212,0,2020/06/15,16:33:06,000,3
004,000620,0,2020/06/15,16:33:40,000,3
004,000508,0,2020/06/15,16:35:02,000,3
004,000493,0,2020/06/15,16:35:05,000,3
004,000944,0,2020/06/15,16:35:09,000,3
004,000734,0,2020/06/15,16:36:02,000,3
002,000664,0,2020/06/15,16:36:31,000,3
004,000498,0,2020/06/15,16:36:39,000,3
002,000228,0,2020/06/15,16:36:49,000,3
002,000453,0,2020/06/15,16:36:58,000,3
002,000534,0,2020/06/15,16:38:42,000,3
002,000526,0,2020/06/15,16:38:45,000,3
002,000875,0,2020/06/15,16:39:19,000,3
002,000874,0,2020/06/15,16:39:22,000,3
002,000512,0,2020/06/15,16:39:42,000,3
002,000663,0,2020/06/15,16:40:10,000,3
002,000682,0,2020/06/15,16:40:13,000,3
002,000659,0,2020/06/15,16:40:16,000,3
002,000618,0,2020/06/15,16:40:41,000,3
002,000849,0,2020/06/15,16:40:48,000,3
002,000843,0,2020/06/15,16:43:02,000,3
002,000221,0,2020/06/15,16:43:06,000,3
002,000530,0,2020/06/15,16:43:09,000,3
004,000440,0,2020/06/15,16:43:59,000,3
004,001079,0,2020/06/15,16:44:06,000,3
004,001066,0,2020/06/15,16:44:09,000,3
004,000714,0,2020/06/15,16:44:13,000,3
004,000613,0,2020/06/15,16:45:22,000,3
002,000280,0,2020/06/15,16:45:29,000,3
002,000369,0,2020/06/15,16:46:32,000,3
002,000521,0,2020/06/15,16:47:06,000,3
004,000741,0,2020/06/15,16:48:03,000,3
004,001065,0,2020/06/15,16:48:10,000,3
002,000492,0,2020/06/15,16:48:20,000,3
002,000496,0,2020/06/15,16:48:24,000,3
002,000497,0,2020/06/15,16:48:27,000,3
004,000510,0,2020/06/15,16:50:39,000,3
004,000632,0,2020/06/15,16:50:42,000,3
004,000614,0,2020/06/15,16:50:46,000,3
004,000715,0,2020/06/15,16:50:54,000,3
004,000763,0,2020/06/15,16:51:21,000,3
002,000167,0,2020/06/15,16:52:24,000,3
002,000616,0,2020/06/15,16:52:28,000,3
002,000888,0,2020/06/15,16:52:36,000,3
002,000681,0,2020/06/15,16:53:56,000,3
004,000289,0,2020/06/15,16:54:39,000,3
004,000528,0,2020/06/15,16:56:22,000,3
002,000441,0,2020/06/15,16:58:26,000,3
002,000235,0,2020/06/15,16:59:02,000,3
004,001067,0,2020/06/15,17:00:09,000,3
002,000489,0,2020/06/15,17:01:55,000,3
002,000900,0,2020/06/15,17:02:56,000,3
002,000491,0,2020/06/15,17:03:43,000,3
003,000564,1,2020/06/15,17:07:49,000,3
004,000564,0,2020/06/15,17:08:24,000,3
004,000459,0,2020/06/15,17:10:46,000,3
004,000914,0,2020/06/15,17:15:10,000,3
002,001081,0,2020/06/15,17:28:31,000,3
002,000286,0,2020/06/15,17:54:37,000,3
004,001082,0,2020/06/15,17:56:44,000,3
002,000887,0,2020/06/15,18:00:44,000,3
002,000886,0,2020/06/15,18:00:47,000,3
002,000637,0,2020/06/15,18:00:50,000,3
002,000640,0,2020/06/15,18:00:53,000,3
002,000891,0,2020/06/15,18:00:57,000,3
002,001010,0,2020/06/15,18:01:00,000,3
003,000710,1,2020/06/15,18:29:42,000,3
003,000584,1,2020/06/15,18:37:22,000,3
003,000774,1,2020/06/15,18:57:44,000,3
004,000859,0,2020/06/15,19:00:01,000,3
004,001074,0,2020/06/15,19:01:50,000,3
004,000609,0,2020/06/15,19:09:25,000,3
004,000697,0,2020/06/15,19:20:17,000,3
004,000830,0,2020/06/15,19:51:06,000,3
002,000999,0,2020/06/15,19:52:48,000,3
004,000670,0,2020/06/15,19:54:20,000,3
004,000667,0,2020/06/15,19:55:06,000,3
003,000668,1,2020/06/15,19:55:57,000,3
004,000677,0,2020/06/15,19:56:32,000,3
004,000693,0,2020/06/15,19:57:13,000,3
003,000661,1,2020/06/15,19:58:14,000,3
003,001000,1,2020/06/15,19:58:17,000,3
003,000672,1,2020/06/15,19:58:21,000,3
004,000841,0,2020/06/15,20:07:06,000,3
003,000846,1,2020/06/15,20:23:02,000,3
004,000698,0,2020/06/15,21:00:21,000,3
003,000578,1,2020/06/15,21:57:03,000,3
004,001080,0,2020/06/15,21:58:01,000,3
004,000907,0,2020/06/15,22:26:49,000,3
004,001029,0,2020/06/15,22:31:03,000,3
003,000579,1,2020/06/15,22:41:08,000,3
003,000607,1,2020/06/15,22:51:38,000,3
003,001070,1,2020/06/15,22:54:02,000,3
002,000605,0,2020/06/15,22:54:20,000,3
004,000302,0,2020/06/15,22:57:15,000,3
003,000604,1,2020/06/15,22:57:49,000,3
003,000550,1,2020/06/15,22:59:10,000,3
003,000537,1,2020/06/15,22:59:14,000,3
004,000568,0,2020/06/15,22:59:21,000,3
003,000770,1,2020/06/15,22:59:42,000,3
004,001071,0,2020/06/15,23:01:22,000,3
004,000621,0,2020/06/15,23:03:40,000,3
004,000570,0,2020/06/15,23:03:48,000,3
004,000154,0,2020/06/15,23:04:03,000,3
004,000709,0,2020/06/15,23:05:42,000,3
004,000904,0,2020/06/15,23:06:36,000,3
004,000623,0,2020/06/15,23:07:46,000,3
002,000903,0,2020/06/15,23:11:29,000,3
002,000262,0,2020/06/15,23:15:05,000,3
004,000576,0,2020/06/15,23:15:12,000,3
004,000703,0,2020/06/15,23:25:00,000,3
004,000407,0,2020/06/15,23:32:35,000,3
004,000263,0,2020/06/15,23:46:54,000,3
004,000097,0,2020/06/16,00:09:38,000,3
001,000890,1,2020/06/16,05:24:56,000,3
001,001011,1,2020/06/16,05:24:59,000,3
001,001010,1,2020/06/16,05:25:02,000,3
001,000624,1,2020/06/16,05:25:06,000,3
001,000635,1,2020/06/16,05:25:09,000,3
003,000561,1,2020/06/16,05:43:31,000,3
003,000868,1,2020/06/16,06:24:39,000,3
001,000557,1,2020/06/16,06:42:47,000,3
003,000565,1,2020/06/16,06:43:01,000,3
003,000542,1,2020/06/16,06:43:05,000,3
003,000569,1,2020/06/16,06:43:08,000,3
003,000554,1,2020/06/16,06:43:11,000,3
003,001076,1,2020/06/16,06:46:03,000,3
003,000779,1,2020/06/16,06:46:20,000,3
003,000567,1,2020/06/16,06:47:28,000,3
004,000274,0,2020/06/16,06:49:53,000,3
003,000540,1,2020/06/16,06:49:53,000,3
003,000609,1,2020/06/16,06:50:47,000,3
003,000543,1,2020/06/16,06:53:04,000,3
004,000607,0,2020/06/16,06:53:04,000,3
004,000604,0,2020/06/16,06:53:11,000,3
004,000579,0,2020/06/16,06:54:03,000,3
003,001069,1,2020/06/16,06:55:38,000,3
003,000301,1,2020/06/16,06:57:38,000,3
003,000704,1,2020/06/16,06:57:51,000,3
003,000562,1,2020/06/16,06:58:48,000,3
003,000552,1,2020/06/16,06:59:28,000,3
003,000571,1,2020/06/16,06:59:32,000,3
001,000590,1,2020/06/16,07:00:56,000,3
003,001077,1,2020/06/16,07:01:10,000,3
003,000859,1,2020/06/16,07:01:47,000,3
001,000777,1,2020/06/16,07:02:25,000,3
003,000551,1,2020/06/16,07:02:39,000,3
003,000558,1,2020/06/16,07:03:30,000,3
003,000549,1,2020/06/16,07:04:26,000,3
003,000905,1,2020/06/16,07:04:44,000,3
003,001075,1,2020/06/16,07:05:15,000,3
003,000867,1,2020/06/16,07:05:35,000,3
002,000419,0,2020/06/16,07:06:07,000,3
001,000545,1,2020/06/16,07:06:08,000,3
001,000548,1,2020/06/16,07:06:11,000,3
004,001070,0,2020/06/16,07:07:05,000,3
001,000499,1,2020/06/16,07:07:14,000,3
001,000547,1,2020/06/16,07:07:19,000,3
004,000537,0,2020/06/16,07:11:08,000,3
003,000588,1,2020/06/16,07:12:07,000,3
003,000581,1,2020/06/16,07:12:29,000,3
004,000774,0,2020/06/16,07:12:31,000,3
003,000717,1,2020/06/16,07:12:37,000,3
003,000695,1,2020/06/16,07:13:25,000,3
003,000574,1,2020/06/16,07:13:32,000,3
003,001084,1,2020/06/16,07:13:35,000,3
003,000546,1,2020/06/16,07:13:44,000,3
001,001068,1,2020/06/16,07:13:47,000,3
003,001073,1,2020/06/16,07:13:49,000,3
003,000608,1,2020/06/16,07:14:20,000,3
003,000850,1,2020/06/16,07:14:24,000,3
003,000893,1,2020/06/16,07:14:39,000,3
004,000550,0,2020/06/16,07:15:43,000,3
004,000578,0,2020/06/16,07:17:25,000,3
004,000584,0,2020/06/16,07:20:02,000,3
003,000855,1,2020/06/16,07:20:24,000,3
004,000710,0,2020/06/16,07:22:52,000,3
003,000564,1,2020/06/16,07:22:56,000,3
003,000775,1,2020/06/16,07:22:59,000,3
003,001000,1,2020/06/16,07:26:52,000,3
003,000559,1,2020/06/16,07:27:57,000,3
003,000504,1,2020/06/16,07:28:58,000,3
003,000528,1,2020/06/16,07:29:25,000,3
004,000770,0,2020/06/16,07:31:09,000,3
001,000370,1,2020/06/16,07:37:06,000,3
003,000523,1,2020/06/16,07:38:04,000,3
003,000315,1,2020/06/16,07:38:45,000,3
003,000469,1,2020/06/16,07:38:49,000,3
003,000381,1,2020/06/16,07:38:53,000,3
003,000156,1,2020/06/16,07:38:56,000,3
003,000140,1,2020/06/16,07:40:16,000,3
003,000295,1,2020/06/16,07:40:20,000,3
003,001052,1,2020/06/16,07:40:53,000,3
001,000166,1,2020/06/16,07:42:12,000,3
003,000265,1,2020/06/16,07:42:26,000,3
003,000530,1,2020/06/16,07:42:33,000,3
003,001004,1,2020/06/16,07:42:42,000,3
003,000493,1,2020/06/16,07:44:10,000,3
003,000502,1,2020/06/16,07:44:14,000,3
003,000519,1,2020/06/16,07:44:32,000,3
001,000307,1,2020/06/16,07:45:14,000,3
003,000715,1,2020/06/16,07:45:47,000,3
003,000944,1,2020/06/16,07:45:50,000,3
003,000723,1,2020/06/16,07:45:55,000,3
003,000182,1,2020/06/16,07:46:02,000,3
001,000778,1,2020/06/16,07:46:02,000,3
003,000309,1,2020/06/16,07:46:55,000,3
003,000312,1,2020/06/16,07:47:20,000,3
003,000492,1,2020/06/16,07:47:48,000,3
002,000286,0,2020/06/16,07:48:11,000,3
001,000152,1,2020/06/16,07:48:17,000,3
003,000175,1,2020/06/16,07:48:36,000,3
003,000817,1,2020/06/16,07:49:11,000,3
003,000268,1,2020/06/16,07:49:18,000,3
003,000177,1,2020/06/16,07:49:29,000,3
003,000823,1,2020/06/16,07:49:47,000,3
004,000661,0,2020/06/16,07:50:21,000,3
001,000663,1,2020/06/16,07:51:23,000,3
001,000727,1,2020/06/16,07:51:39,000,3
003,000953,1,2020/06/16,07:51:55,000,3
003,000319,1,2020/06/16,07:52:00,000,3
001,000310,1,2020/06/16,07:52:10,000,3
003,001001,1,2020/06/16,07:52:12,000,3
001,000372,1,2020/06/16,07:52:13,000,3
003,000518,1,2020/06/16,07:52:38,000,3
003,000162,1,2020/06/16,07:53:06,000,3
003,000208,1,2020/06/16,07:53:34,000,3
003,000011,1,2020/06/16,07:53:38,000,3
001,000159,1,2020/06/16,07:53:39,000,3
001,000198,1,2020/06/16,07:53:44,000,3
001,000659,1,2020/06/16,07:53:47,000,3
003,000096,1,2020/06/16,07:53:48,000,3
003,000247,1,2020/06/16,07:54:02,000,3
001,000206,1,2020/06/16,07:54:05,000,3
003,000429,1,2020/06/16,07:54:05,000,3
003,000813,1,2020/06/16,07:54:35,000,3
001,000501,1,2020/06/16,07:54:36,000,3
003,000393,1,2020/06/16,07:54:44,000,3
003,000137,1,2020/06/16,07:54:48,000,3
001,000682,1,2020/06/16,07:54:59,000,3
003,000527,1,2020/06/16,07:55:00,000,3
001,000955,1,2020/06/16,07:55:08,000,3
003,001036,1,2020/06/16,07:55:13,000,3
003,001082,1,2020/06/16,07:55:19,000,3
001,000505,1,2020/06/16,07:55:25,000,3
001,000747,1,2020/06/16,07:55:29,000,3
001,000150,1,2020/06/16,07:56:00,000,3
003,000458,1,2020/06/16,07:56:01,000,3
001,000714,1,2020/06/16,07:56:07,000,3
001,000434,1,2020/06/16,07:56:10,000,3
003,001065,1,2020/06/16,07:56:10,000,3
002,000668,0,2020/06/16,07:56:20,000,3
002,000672,0,2020/06/16,07:56:24,000,3
001,000279,1,2020/06/16,07:56:26,000,3
003,000816,1,2020/06/16,07:56:38,000,3
003,000503,1,2020/06/16,07:56:50,000,3
003,000242,1,2020/06/16,07:57:13,000,3
003,000841,1,2020/06/16,07:57:27,000,3
003,000201,1,2020/06/16,07:57:33,000,3
001,000611,1,2020/06/16,07:57:38,000,3
003,000526,1,2020/06/16,07:57:46,000,3
003,000282,1,2020/06/16,07:57:50,000,3
001,000466,1,2020/06/16,07:57:52,000,3
003,000097,1,2020/06/16,07:57:53,000,3
003,000405,1,2020/06/16,07:57:56,000,3
003,000534,1,2020/06/16,07:58:02,000,3
001,000366,1,2020/06/16,07:58:06,000,3
001,000288,1,2020/06/16,07:58:15,000,3
003,000524,1,2020/06/16,07:58:32,000,3
001,000336,1,2020/06/16,07:58:41,000,3
001,000275,1,2020/06/16,07:58:46,000,3
001,000424,1,2020/06/16,07:58:49,000,3
003,000618,1,2020/06/16,07:58:50,000,3
001,001032,1,2020/06/16,07:58:52,000,3
003,000620,1,2020/06/16,07:58:53,000,3
004,000846,0,2020/06/16,07:58:53,000,3
001,000281,1,2020/06/16,07:58:56,000,3
001,000497,1,2020/06/16,07:59:00,000,3
003,000213,1,2020/06/16,07:59:01,000,3
001,000616,1,2020/06/16,07:59:03,000,3
001,000142,1,2020/06/16,07:59:06,000,3
003,001066,1,2020/06/16,07:59:08,000,3
001,000413,1,2020/06/16,07:59:11,000,3
001,000128,1,2020/06/16,07:59:17,000,3
003,000228,1,2020/06/16,07:59:23,000,3
003,000165,1,2020/06/16,07:59:26,000,3
003,000212,1,2020/06/16,07:59:31,000,3
001,000896,1,2020/06/16,07:59:32,000,3
003,000200,1,2020/06/16,07:59:34,000,3
003,000815,1,2020/06/16,07:59:51,000,3
003,001050,1,2020/06/16,07:59:55,000,3
001,000521,1,2020/06/16,07:59:57,000,3
001,000453,1,2020/06/16,08:00:14,000,3
001,000510,1,2020/06/16,08:00:18,000,3
001,000914,1,2020/06/16,08:00:24,000,3
001,000681,1,2020/06/16,08:00:28,000,3
001,000207,1,2020/06/16,08:00:40,000,3
001,000256,1,2020/06/16,08:00:52,000,3
003,000741,1,2020/06/16,08:00:56,000,3
001,000099,1,2020/06/16,08:01:03,000,3
003,000986,1,2020/06/16,08:01:21,000,3
003,000633,1,2020/06/16,08:01:24,000,3
003,000277,1,2020/06/16,08:01:30,000,3
003,000386,1,2020/06/16,08:01:44,000,3
003,000654,1,2020/06/16,08:01:48,000,3
003,000693,1,2020/06/16,08:01:55,000,3
001,000402,1,2020/06/16,08:01:58,000,3
003,000017,1,2020/06/16,08:01:59,000,3
003,001037,1,2020/06/16,08:02:19,000,3
003,000270,1,2020/06/16,08:02:37,000,3
001,000134,1,2020/06/16,08:02:57,000,3
003,000233,1,2020/06/16,08:03:01,000,3
003,001003,1,2020/06/16,08:03:05,000,3
003,000408,1,2020/06/16,08:03:09,000,3
003,000566,1,2020/06/16,08:03:16,000,3
001,000888,1,2020/06/16,08:03:29,000,3
003,000910,1,2020/06/16,08:03:30,000,3
001,000875,1,2020/06/16,08:03:32,000,3
003,000507,1,2020/06/16,08:03:33,000,3
003,000009,1,2020/06/16,08:03:36,000,3
001,000874,1,2020/06/16,08:03:36,000,3
001,000613,1,2020/06/16,08:03:39,000,3
001,000514,1,2020/06/16,08:03:44,000,3
003,000203,1,2020/06/16,08:03:49,000,3
003,000390,1,2020/06/16,08:03:56,000,3
003,000113,1,2020/06/16,08:04:44,000,3
003,000100,1,2020/06/16,08:04:48,000,3
003,000195,1,2020/06/16,08:04:52,000,3
003,001028,1,2020/06/16,08:04:56,000,3
003,000240,1,2020/06/16,08:05:18,000,3
001,000280,1,2020/06/16,08:05:28,000,3
003,000656,1,2020/06/16,08:05:28,000,3
001,000906,1,2020/06/16,08:05:31,000,3
003,000942,1,2020/06/16,08:05:34,000,3
001,000496,1,2020/06/16,08:05:35,000,3
003,000018,1,2020/06/16,08:05:39,000,3
003,000415,1,2020/06/16,08:05:43,000,3
001,000114,1,2020/06/16,08:05:51,000,3
001,000167,1,2020/06/16,08:05:57,000,3
003,000118,1,2020/06/16,08:06:02,000,3
001,000664,1,2020/06/16,08:06:03,000,3
001,000285,1,2020/06/16,08:06:08,000,3
003,000763,1,2020/06/16,08:06:09,000,3
004,000415,0,2020/06/16,08:06:14,000,3
001,000030,1,2020/06/16,08:06:51,000,3
003,000115,1,2020/06/16,08:06:52,000,3
001,000614,1,2020/06/16,08:07:05,000,3
001,000289,1,2020/06/16,08:07:09,000,3
003,000529,1,2020/06/16,08:07:12,000,3
001,000900,1,2020/06/16,08:07:13,000,3
003,000006,1,2020/06/16,08:07:38,000,3
001,000356,1,2020/06/16,08:07:43,000,3
001,000189,1,2020/06/16,08:07:48,000,3
001,000343,1,2020/06/16,08:08:13,000,3
001,000849,1,2020/06/16,08:08:21,000,3
001,000926,1,2020/06/16,08:08:24,000,3
001,001002,1,2020/06/16,08:08:28,000,3
003,000015,1,2020/06/16,08:08:31,000,3
003,000842,1,2020/06/16,08:08:35,000,3
004,000260,0,2020/06/16,08:08:39,000,3
004,000176,0,2020/06/16,08:08:43,000,3
001,000498,1,2020/06/16,08:08:54,000,3
001,001047,1,2020/06/16,08:09:00,000,3
003,000761,1,2020/06/16,08:09:32,000,3
003,001079,1,2020/06/16,08:09:36,000,3
003,000879,1,2020/06/16,08:09:39,000,3
003,000610,1,2020/06/16,08:09:42,000,3
003,000724,1,2020/06/16,08:09:47,000,3
001,000943,1,2020/06/16,08:10:03,000,3
003,000130,1,2020/06/16,08:10:05,000,3
003,000683,1,2020/06/16,08:10:09,000,3
004,000016,0,2020/06/16,08:10:18,000,3
001,000769,1,2020/06/16,08:10:43,000,3
001,000364,1,2020/06/16,08:10:47,000,3
001,000508,1,2020/06/16,08:10:50,000,3
001,000348,1,2020/06/16,08:10:54,000,3
001,000368,1,2020/06/16,08:10:58,000,3
001,000835,1,2020/06/16,08:11:01,000,3
002,000364,0,2020/06/16,08:11:32,000,3
001,000205,1,2020/06/16,08:11:33,000,3
003,000104,1,2020/06/16,08:11:46,000,3
003,000338,1,2020/06/16,08:11:49,000,3
002,000756,0,2020/06/16,08:12:15,000,3
003,000412,1,2020/06/16,08:12:18,000,3
002,000435,0,2020/06/16,08:12:18,000,3
001,000235,1,2020/06/16,08:13:23,000,3
001,000112,1,2020/06/16,08:13:37,000,3
003,000005,1,2020/06/16,08:13:40,000,3
003,000012,1,2020/06/16,08:13:52,000,3
003,000803,1,2020/06/16,08:13:56,000,3
001,000872,1,2020/06/16,08:14:01,000,3
001,000264,1,2020/06/16,08:14:04,000,3
003,000921,1,2020/06/16,08:14:13,000,3
001,000899,1,2020/06/16,08:14:43,000,3
004,000718,0,2020/06/16,08:15:36,000,3
003,000459,1,2020/06/16,08:15:45,000,3
001,000441,1,2020/06/16,08:15:46,000,3
003,000515,1,2020/06/16,08:16:29,000,3
001,000120,1,2020/06/16,08:16:33,000,3
001,000834,1,2020/06/16,08:17:33,000,3
003,000353,1,2020/06/16,08:18:00,000,3
003,000350,1,2020/06/16,08:18:03,000,3
004,000022,0,2020/06/16,08:18:18,000,3
001,000365,1,2020/06/16,08:18:25,000,3
001,000367,1,2020/06/16,08:18:33,000,3
001,000488,1,2020/06/16,08:18:38,000,3
002,000108,0,2020/06/16,08:18:59,000,3
003,000457,1,2020/06/16,08:19:07,000,3
001,000361,1,2020/06/16,08:19:22,000,3
001,000512,1,2020/06/16,08:19:34,000,3
003,000383,1,2020/06/16,08:19:56,000,3
003,000655,1,2020/06/16,08:22:01,000,3
003,000388,1,2020/06/16,08:22:39,000,3
004,001062,0,2020/06/16,08:24:16,000,3
004,000148,0,2020/06/16,08:25:13,000,3
004,000136,0,2020/06/16,08:25:16,000,3
004,000416,0,2020/06/16,08:25:22,000,3
001,000351,1,2020/06/16,08:25:33,000,3
003,000699,1,2020/06/16,08:25:58,000,3
002,000158,0,2020/06/16,08:26:07,000,3
001,000489,1,2020/06/16,08:26:13,000,3
002,000818,0,2020/06/16,08:26:20,000,3
002,000246,0,2020/06/16,08:26:40,000,3
002,000184,0,2020/06/16,08:26:44,000,3
002,001023,0,2020/06/16,08:26:51,000,3
001,000440,1,2020/06/16,08:27:39,000,3
004,000870,0,2020/06/16,08:28:45,000,3
004,000225,0,2020/06/16,08:29:22,000,3
004,000825,0,2020/06/16,08:30:15,000,3
004,000807,0,2020/06/16,08:33:30,000,3
002,000305,0,2020/06/16,08:34:22,000,3
002,000406,0,2020/06/16,08:34:33,000,3
002,000132,0,2020/06/16,08:35:17,000,3
004,000021,0,2020/06/16,08:35:19,000,3
002,000161,0,2020/06/16,08:35:20,000,3
004,000222,0,2020/06/16,08:36:54,000,3
004,000124,0,2020/06/16,08:36:57,000,3
004,001060,0,2020/06/16,08:37:15,000,3
003,000996,1,2020/06/16,08:37:25,000,3
004,000164,0,2020/06/16,08:37:27,000,3
004,000271,0,2020/06/16,08:37:47,000,3
004,000711,0,2020/06/16,08:37:51,000,3
004,000759,0,2020/06/16,08:39:43,000,3
004,000010,0,2020/06/16,08:40:33,000,3
001,000369,1,2020/06/16,08:43:17,000,3
003,001067,1,2020/06/16,08:45:19,000,3
004,000170,0,2020/06/16,08:48:03,000,3
004,000396,0,2020/06/16,08:50:45,000,3
001,000139,1,2020/06/16,08:51:44,000,3
002,000119,0,2020/06/16,08:53:10,000,3
002,000752,0,2020/06/16,08:53:14,000,3
001,000215,1,2020/06/16,08:55:39,000,3
002,000737,0,2020/06/16,09:13:32,000,3
002,000155,0,2020/06/16,09:13:36,000,3
003,000395,1,2020/06/16,09:19:24,000,3
001,000625,1,2020/06/16,09:47:32,000,3
003,001080,1,2020/06/16,09:55:36,000,3
001,000889,1,2020/06/16,09:58:26,000,3
001,000640,1,2020/06/16,09:58:29,000,3
001,000886,1,2020/06/16,09:58:33,000,3
001,000891,1,2020/06/16,09:58:37,000,3
001,000637,1,2020/06/16,09:58:40,000,3
001,000887,1,2020/06/16,10:00:51,000,3
001,000638,1,2020/06/16,10:08:14,000,3
001,000438,1,2020/06/16,11:42:30,000,3
002,000438,0,2020/06/16,11:43:23,000,3
004,000611,0,2020/06/16,12:21:52,000,3
003,000758,1,2020/06/16,12:24:44,000,3
002,000953,0,2020/06/16,13:02:18,000,3
004,000242,0,2020/06/16,13:52:34,000,3
002,000888,0,2020/06/16,14:01:18,000,3
002,000890,0,2020/06/16,14:01:21,000,3
002,000635,0,2020/06/16,14:01:24,000,3
002,001010,0,2020/06/16,14:01:27,000,3
002,001011,0,2020/06/16,14:01:31,000,3
004,000834,0,2020/06/16,14:06:45,000,3
004,000581,0,2020/06/16,14:15:20,000,3
002,000120,0,2020/06/16,14:30:50,000,3
001,000706,1,2020/06/16,14:32:08,000,3
003,001029,1,2020/06/16,14:41:04,000,3
003,000570,1,2020/06/16,14:42:02,000,3
003,000579,1,2020/06/16,14:43:54,000,3
003,000621,1,2020/06/16,14:44:07,000,3
004,000240,0,2020/06/16,14:44:33,000,3
001,000142,1,2020/06/16,14:45:40,000,3
004,000540,0,2020/06/16,14:50:12,000,3
002,000557,0,2020/06/16,14:51:53,000,3
003,000709,1,2020/06/16,14:52:55,000,3
002,000301,0,2020/06/16,14:53:09,000,3
004,000569,0,2020/06/16,14:54:31,000,3
004,000551,0,2020/06/16,14:54:52,000,3
003,000577,1,2020/06/16,14:55:25,000,3
004,000546,0,2020/06/16,14:55:41,000,3
003,000703,1,2020/06/16,14:56:06,000,3
003,001071,1,2020/06/16,14:56:12,000,3
004,001077,0,2020/06/16,14:56:15,000,3
004,000197,0,2020/06/16,14:56:32,000,3
001,000541,1,2020/06/16,14:56:40,000,3
003,000589,1,2020/06/16,14:56:42,000,3
002,000868,0,2020/06/16,14:57:05,000,3
002,000256,0,2020/06/16,14:57:11,000,3
002,000574,0,2020/06/16,14:57:33,000,3
002,000565,0,2020/06/16,14:57:50,000,3
002,000542,0,2020/06/16,14:57:54,000,3
003,000907,1,2020/06/16,14:58:52,000,3
003,000904,1,2020/06/16,14:58:55,000,3
002,000777,0,2020/06/16,14:58:56,000,3
002,000590,0,2020/06/16,14:59:25,000,3
003,000568,1,2020/06/16,15:00:39,000,3
003,000302,1,2020/06/16,15:00:55,000,3
001,000605,1,2020/06/16,15:01:31,000,3
001,000903,1,2020/06/16,15:01:34,000,3
002,000545,0,2020/06/16,15:02:10,000,3
004,000554,0,2020/06/16,15:02:11,000,3
002,000571,0,2020/06/16,15:02:56,000,3
002,000543,0,2020/06/16,15:03:00,000,3
003,001081,1,2020/06/16,15:04:01,000,3
004,000562,0,2020/06/16,15:04:06,000,3
004,000608,0,2020/06/16,15:04:55,000,3
004,000893,0,2020/06/16,15:05:20,000,3
004,001084,0,2020/06/16,15:06:00,000,3
004,001076,0,2020/06/16,15:06:52,000,3
004,000850,0,2020/06/16,15:06:55,000,3
004,001075,0,2020/06/16,15:06:58,000,3
004,000558,0,2020/06/16,15:07:03,000,3
004,001069,0,2020/06/16,15:07:07,000,3
002,001068,0,2020/06/16,15:07:08,000,3
003,000623,1,2020/06/16,15:08:09,000,3
002,000548,0,2020/06/16,15:08:33,000,3
004,000559,0,2020/06/16,15:09:02,000,3
004,000549,0,2020/06/16,15:10:16,000,3
004,001073,0,2020/06/16,15:10:36,000,3
003,000576,1,2020/06/16,15:11:15,000,3
002,000610,0,2020/06/16,15:13:07,000,3
002,000499,0,2020/06/16,15:13:11,000,3
004,000552,0,2020/06/16,15:13:18,000,3
002,000307,0,2020/06/16,15:13:28,000,3
004,000867,0,2020/06/16,15:15:34,000,3
004,000202,0,2020/06/16,15:23:09,000,3
004,000383,0,2020/06/16,15:23:12,000,3
004,000823,0,2020/06/16,15:24:24,000,3
001,001020,1,2020/06/16,15:27:59,000,3
001,000345,1,2020/06/16,15:28:02,000,3
004,000758,0,2020/06/16,15:29:04,000,3
001,000223,1,2020/06/16,15:32:06,000,3
003,000472,1,2020/06/16,15:32:18,000,3
001,000781,1,2020/06/16,15:36:18,000,3
001,000785,1,2020/06/16,15:37:04,000,3
003,000138,1,2020/06/16,15:37:49,000,3
004,000469,0,2020/06/16,15:37:54,000,3
002,000286,0,2020/06/16,15:38:48,000,3
004,000203,0,2020/06/16,15:39:24,000,3
002,000367,0,2020/06/16,15:40:25,000,3
003,000243,1,2020/06/16,15:40:58,000,3
004,000365,0,2020/06/16,15:41:54,000,3
004,001003,0,2020/06/16,15:42:29,000,3
001,000144,1,2020/06/16,15:42:33,000,3
003,000236,1,2020/06/16,15:42:55,000,3
003,000387,1,2020/06/16,15:44:28,000,3
004,000018,0,2020/06/16,15:45:14,000,3
004,000009,0,2020/06/16,15:45:17,000,3
004,000905,0,2020/06/16,15:48:41,000,3
002,000312,0,2020/06/16,15:48:46,000,3
003,001053,1,2020/06/16,15:49:05,000,3
003,000393,1,2020/06/16,15:49:08,000,3
003,001035,1,2020/06/16,15:49:11,000,3
003,000211,1,2020/06/16,15:49:21,000,3
004,000393,0,2020/06/16,15:49:41,000,3
003,000121,1,2020/06/16,15:50:30,000,3
002,000906,0,2020/06/16,15:50:32,000,3
001,000364,1,2020/06/16,15:50:41,000,3
001,000427,1,2020/06/16,15:50:48,000,3
004,000268,0,2020/06/16,15:50:49,000,3
001,000149,1,2020/06/16,15:51:34,000,3
002,000348,0,2020/06/16,15:51:37,000,3
002,000364,0,2020/06/16,15:51:41,000,3
002,000368,0,2020/06/16,15:51:45,000,3
004,000566,0,2020/06/16,15:51:45,000,3
004,000910,0,2020/06/16,15:51:49,000,3
002,000356,0,2020/06/16,15:52:18,000,3
004,000012,0,2020/06/16,15:53:11,000,3
003,001033,1,2020/06/16,15:53:12,000,3
004,000343,0,2020/06/16,15:53:15,000,3
001,000743,1,2020/06/16,15:53:37,000,3
004,000099,0,2020/06/16,15:54:35,000,3
004,000466,0,2020/06/16,15:54:48,000,3
004,000395,0,2020/06/16,15:55:13,000,3
002,000309,0,2020/06/16,15:55:22,000,3
003,000447,1,2020/06/16,15:55:41,000,3
004,000310,0,2020/06/16,15:56:16,000,3
002,000336,0,2020/06/16,15:56:16,000,3
004,000457,0,2020/06/16,15:56:49,000,3
003,000097,1,2020/06/16,15:56:53,000,3
002,000030,0,2020/06/16,15:57:00,000,3
004,000006,0,2020/06/16,15:57:19,000,3
004,000405,0,2020/06/16,15:57:27,000,3
004,000005,0,2020/06/16,15:57:31,000,3
004,000195,0,2020/06/16,15:58:21,000,3
003,001030,1,2020/06/16,15:58:26,000,3
003,000897,1,2020/06/16,15:58:30,000,3
003,000767,1,2020/06/16,15:58:33,000,3
004,000381,0,2020/06/16,15:58:53,000,3
002,000943,0,2020/06/16,15:59:23,000,3
004,000114,0,2020/06/16,15:59:25,000,3
004,000100,0,2020/06/16,15:59:28,000,3
002,000704,0,2020/06/16,15:59:28,000,3
003,001034,1,2020/06/16,15:59:35,000,3
001,000221,1,2020/06/16,15:59:52,000,3
004,000422,0,2020/06/16,16:00:04,000,3
002,000351,0,2020/06/16,16:00:14,000,3
002,000872,0,2020/06/16,16:00:18,000,3
004,000723,0,2020/06/16,16:00:29,000,3
001,000738,1,2020/06/16,16:00:31,000,3
002,000899,0,2020/06/16,16:01:05,000,3
003,000172,1,2020/06/16,16:01:10,000,3
004,000140,0,2020/06/16,16:01:49,000,3
004,000212,0,2020/06/16,16:02:07,000,3
004,000402,0,2020/06/16,16:02:10,000,3
001,000952,1,2020/06/16,16:02:33,000,3
004,000620,0,2020/06/16,16:02:35,000,3
002,000489,0,2020/06/16,16:02:45,000,3
004,000244,0,2020/06/16,16:03:04,000,3
004,000815,0,2020/06/16,16:03:07,000,3
004,001063,0,2020/06/16,16:03:11,000,3
003,000111,1,2020/06/16,16:03:17,000,3
003,000255,1,2020/06/16,16:03:40,000,3
004,000130,0,2020/06/16,16:03:43,000,3
002,001028,0,2020/06/16,16:04:03,000,3
004,000350,0,2020/06/16,16:04:21,000,3
004,000526,0,2020/06/16,16:04:27,000,3
004,000428,0,2020/06/16,16:04:42,000,3
004,000015,0,2020/06/16,16:04:45,000,3
004,000213,0,2020/06/16,16:05:49,000,3
002,000366,0,2020/06/16,16:06:02,000,3
002,000361,0,2020/06/16,16:06:07,000,3
002,000320,0,2020/06/16,16:07:22,000,3
004,000504,0,2020/06/16,16:07:26,000,3
002,000134,0,2020/06/16,16:07:38,000,3
004,000501,0,2020/06/16,16:08:40,000,3
002,000413,0,2020/06/16,16:08:42,000,3
002,001032,0,2020/06/16,16:08:55,000,3
002,000142,0,2020/06/16,16:09:31,000,3
004,000118,0,2020/06/16,16:09:42,000,3
004,000247,0,2020/06/16,16:09:47,000,3
004,000139,0,2020/06/16,16:09:50,000,3
004,000817,0,2020/06/16,16:10:19,000,3
003,000783,1,2020/06/16,16:11:08,000,3
004,000503,0,2020/06/16,16:11:35,000,3
004,000017,0,2020/06/16,16:11:44,000,3
002,000215,0,2020/06/16,16:12:37,000,3
004,000813,0,2020/06/16,16:13:16,000,3
004,000175,0,2020/06/16,16:13:19,000,3
004,000996,0,2020/06/16,16:13:35,000,3
004,000233,0,2020/06/16,16:14:33,000,3
003,000862,1,2020/06/16,16:15:06,000,3
002,000896,0,2020/06/16,16:15:32,000,3
004,000319,0,2020/06/16,16:15:40,000,3
004,000280,0,2020/06/16,16:15:50,000,3
001,000948,1,2020/06/16,16:16:06,000,3
004,000201,0,2020/06/16,16:16:22,000,3
002,000507,0,2020/06/16,16:16:23,000,3
002,000206,0,2020/06/16,16:16:26,000,3
004,000113,0,2020/06/16,16:17:13,000,3
002,000986,0,2020/06/16,16:17:18,000,3
002,000505,0,2020/06/16,16:17:21,000,3
002,000816,0,2020/06/16,16:17:24,000,3
002,000275,0,2020/06/16,16:17:28,000,3
002,000115,0,2020/06/16,16:17:31,000,3
002,000265,0,2020/06/16,16:17:34,000,3
004,000270,0,2020/06/16,16:18:00,000,3
004,001001,0,2020/06/16,16:18:06,000,3
004,000458,0,2020/06/16,16:18:18,000,3
004,000412,0,2020/06/16,16:18:32,000,3
004,001082,0,2020/06/16,16:18:36,000,3
002,000835,0,2020/06/16,16:19:11,000,3
002,000189,0,2020/06/16,16:19:45,000,3
002,000150,0,2020/06/16,16:20:28,000,3
002,000159,0,2020/06/16,16:22:15,000,3
004,000633,0,2020/06/16,16:22:31,000,3
002,000264,0,2020/06/16,16:22:49,000,3
002,000288,0,2020/06/16,16:23:04,000,3
004,000294,0,2020/06/16,16:23:18,000,3
004,000205,0,2020/06/16,16:23:33,000,3
001,000865,1,2020/06/16,16:24:12,000,3
004,000654,0,2020/06/16,16:24:14,000,3
002,000112,0,2020/06/16,16:24:15,000,3
004,001037,0,2020/06/16,16:24:53,000,3
004,000842,0,2020/06/16,16:25:55,000,3
004,000518,0,2020/06/16,16:26:12,000,3
004,000523,0,2020/06/16,16:26:16,000,3
004,000724,0,2020/06/16,16:26:33,000,3
002,000281,0,2020/06/16,16:26:34,000,3
004,000498,0,2020/06/16,16:26:40,000,3
004,000295,0,2020/06/16,16:26:55,000,3
002,000182,0,2020/06/16,16:27:00,000,3
002,000285,0,2020/06/16,16:28:13,000,3
004,000282,0,2020/06/16,16:29:20,000,3
002,000530,0,2020/06/16,16:29:39,000,3
004,000955,0,2020/06/16,16:30:04,000,3
002,000849,0,2020/06/16,16:30:47,000,3
004,000717,0,2020/06/16,16:31:30,000,3
002,000618,0,2020/06/16,16:31:43,000,3
002,000614,0,2020/06/16,16:32:30,000,3
002,000632,0,2020/06/16,16:32:33,000,3
002,000510,0,2020/06/16,16:32:36,000,3
004,000659,0,2020/06/16,16:33:09,000,3
004,000682,0,2020/06/16,16:33:13,000,3
002,000502,0,2020/06/16,16:33:19,000,3
002,000152,0,2020/06/16,16:33:36,000,3
