004,000944,0,2020/06/19,16:46:35,000,3
004,000015,0,2020/06/19,16:47:55,000,3
002,000715,0,2020/06/19,16:48:46,000,3
002,000524,0,2020/06/19,16:53:48,000,3
004,000763,0,2020/06/19,16:53:54,000,3
004,001067,0,2020/06/19,16:53:59,000,3
002,000112,0,2020/06/19,16:57:10,000,3
004,000741,0,2020/06/19,16:57:53,000,3
004,000514,0,2020/06/19,16:57:58,000,3
004,000564,0,2020/06/19,16:58:27,000,3
004,000212,0,2020/06/19,16:58:36,000,3
004,001052,0,2020/06/19,16:59:53,000,3
001,000274,1,2020/06/19,17:03:15,000,3
002,000491,0,2020/06/19,17:03:28,000,3
002,000488,0,2020/06/19,17:05:45,000,3
002,000843,0,2020/06/19,17:11:03,000,3
004,000914,0,2020/06/19,17:13:37,000,3
003,000347,1,2020/06/19,17:20:01,000,3
002,000528,0,2020/06/19,17:34:24,000,3
002,000907,0,2020/06/19,17:54:09,000,3
002,000640,0,2020/06/19,17:58:48,000,3
002,000887,0,2020/06/19,18:08:15,000,3
002,000886,0,2020/06/19,18:08:18,000,3
002,000630,0,2020/06/19,18:08:21,000,3
002,000891,0,2020/06/19,18:08:25,000,3
002,000625,0,2020/06/19,18:08:28,000,3
001,000637,1,2020/06/19,18:09:29,000,3
003,000538,1,2020/06/19,18:20:23,000,3
002,000492,0,2020/06/19,18:28:51,000,3
002,000889,0,2020/06/19,18:34:12,000,3
003,000859,1,2020/06/19,18:43:56,000,3
004,000710,0,2020/06/19,18:56:30,000,3
004,001074,0,2020/06/19,19:05:28,000,3
004,000556,0,2020/06/19,19:08:37,000,3
003,000905,1,2020/06/19,19:10:57,000,3
003,000711,1,2020/06/19,19:18:50,000,3
002,000801,0,2020/06/19,19:40:26,000,3
002,000697,0,2020/06/19,19:40:29,000,3
004,001082,0,2020/06/19,19:43:22,000,3
004,000771,0,2020/06/19,19:44:55,000,3
004,000670,0,2020/06/19,19:53:10,000,3
004,000677,0,2020/06/19,19:53:15,000,3
004,000999,0,2020/06/19,19:53:38,000,3
004,000830,0,2020/06/19,19:55:05,000,3
003,001000,1,2020/06/19,19:56:24,000,3
004,000841,0,2020/06/19,19:57:53,000,3
003,000672,1,2020/06/19,19:59:32,000,3
003,000668,1,2020/06/19,20:02:05,000,3
003,000846,1,2020/06/19,20:07:23,000,3
003,000661,1,2020/06/19,20:09:12,000,3
003,000718,1,2020/06/19,20:12:32,000,3
004,000275,0,2020/06/19,20:39:05,000,3
004,000527,0,2020/06/19,20:44:42,000,3
003,000573,1,2020/06/19,21:10:22,000,3
004,001078,0,2020/06/19,21:40:15,000,3
004,001080,0,2020/06/19,21:46:51,000,3
003,000578,1,2020/06/19,22:31:46,000,3
003,000537,1,2020/06/19,22:31:49,000,3
004,001029,0,2020/06/19,22:44:41,000,3
003,000604,1,2020/06/19,22:51:02,000,3
003,000607,1,2020/06/19,22:53:43,000,3
003,001070,1,2020/06/19,22:56:10,000,3
004,000302,0,2020/06/19,22:56:39,000,3
004,000621,0,2020/06/19,22:57:14,000,3
001,000685,1,2020/06/19,22:59:51,000,3
004,000709,0,2020/06/19,23:01:20,000,3
003,000550,1,2020/06/19,23:01:32,000,3
004,000589,0,2020/06/19,23:01:32,000,3
004,000579,0,2020/06/19,23:01:43,000,3
004,001081,0,2020/06/19,23:01:59,000,3
004,000623,0,2020/06/19,23:02:12,000,3
003,000770,1,2020/06/19,23:02:43,000,3
004,000570,0,2020/06/19,23:03:52,000,3
004,000605,0,2020/06/19,23:04:51,000,3
004,000568,0,2020/06/19,23:05:22,000,3
002,000903,0,2020/06/19,23:07:04,000,3
004,001071,0,2020/06/19,23:10:36,000,3
004,000904,0,2020/06/19,23:11:31,000,3
004,000703,0,2020/06/19,23:15:36,000,3
004,000942,0,2020/06/19,23:24:35,000,3
003,000172,1,2020/06/19,23:26:55,000,3
004,000005,0,2020/06/20,00:01:12,000,3
004,000406,0,2020/06/20,00:08:04,000,3
001,000887,1,2020/06/20,05:25:52,000,3
001,000636,1,2020/06/20,05:25:55,000,3
001,000625,1,2020/06/20,05:25:58,000,3
001,000886,1,2020/06/20,05:26:01,000,3
001,000630,1,2020/06/20,05:29:58,000,3
001,000640,1,2020/06/20,06:03:21,000,3
003,000554,1,2020/06/20,06:37:49,000,3
003,000779,1,2020/06/20,06:44:40,000,3
003,000893,1,2020/06/20,06:44:44,000,3
003,000567,1,2020/06/20,06:48:51,000,3
003,000558,1,2020/06/20,06:50:36,000,3
003,001076,1,2020/06/20,06:50:48,000,3
003,001003,1,2020/06/20,06:51:02,000,3
003,001074,1,2020/06/20,06:53:05,000,3
003,001069,1,2020/06/20,06:53:36,000,3
003,001077,1,2020/06/20,06:55:11,000,3
003,000868,1,2020/06/20,07:05:27,000,3
002,000685,0,2020/06/20,07:09:46,000,3
003,000758,1,2020/06/20,07:09:57,000,3
003,000556,1,2020/06/20,07:10:07,000,3
003,001075,1,2020/06/20,07:10:29,000,3
003,001072,1,2020/06/20,07:11:43,000,3
003,000590,1,2020/06/20,07:11:49,000,3
001,000888,1,2020/06/20,07:13:39,000,3
003,000867,1,2020/06/20,07:13:52,000,3
003,000562,1,2020/06/20,07:13:57,000,3
003,000850,1,2020/06/20,07:14:31,000,3
003,000608,1,2020/06/20,07:14:45,000,3
003,000777,1,2020/06/20,07:16:43,000,3
003,000540,1,2020/06/20,07:18:35,000,3
001,001068,1,2020/06/20,07:19:18,000,3
004,000550,0,2020/06/20,07:20:58,000,3
003,000552,1,2020/06/20,07:22:16,000,3
004,001070,0,2020/06/20,07:22:27,000,3
003,000536,1,2020/06/20,07:26:55,000,3
004,000859,0,2020/06/20,07:28:24,000,3
003,001052,1,2020/06/20,07:30:10,000,3
004,000905,0,2020/06/20,07:32:26,000,3
004,000011,0,2020/06/20,07:33:35,000,3
004,000770,0,2020/06/20,07:34:23,000,3
003,001084,1,2020/06/20,07:36:21,000,3
003,000136,1,2020/06/20,07:38:30,000,3
003,001031,1,2020/06/20,07:40:13,000,3
004,000578,0,2020/06/20,07:43:37,000,3
003,000261,1,2020/06/20,07:44:29,000,3
003,000282,1,2020/06/20,07:47:32,000,3
003,000263,1,2020/06/20,07:49:19,000,3
001,000217,1,2020/06/20,07:50:03,000,3
003,001023,1,2020/06/20,07:51:48,000,3
003,000435,1,2020/06/20,07:52:12,000,3
003,000164,1,2020/06/20,07:52:16,000,3
003,000559,1,2020/06/20,07:53:03,000,3
003,001009,1,2020/06/20,07:53:31,000,3
003,000817,1,2020/06/20,07:53:36,000,3
003,000294,1,2020/06/20,07:54:19,000,3
003,000121,1,2020/06/20,07:54:22,000,3
003,000192,1,2020/06/20,07:54:47,000,3
003,000096,1,2020/06/20,07:55:29,000,3
003,000472,1,2020/06/20,07:55:55,000,3
004,000782,0,2020/06/20,07:56:07,000,3
004,000403,0,2020/06/20,07:56:14,000,3
003,000240,1,2020/06/20,07:56:45,000,3
003,000690,1,2020/06/20,07:57:07,000,3
003,000158,1,2020/06/20,07:57:10,000,3
001,000262,1,2020/06/20,07:57:33,000,3
003,000793,1,2020/06/20,07:57:55,000,3
004,000573,0,2020/06/20,07:58:41,000,3
003,000827,1,2020/06/20,07:58:41,000,3
001,000108,1,2020/06/20,07:59:36,000,3
003,000116,1,2020/06/20,07:59:48,000,3
003,000807,1,2020/06/20,07:59:52,000,3
004,000672,0,2020/06/20,07:59:55,000,3
004,001000,0,2020/06/20,08:00:45,000,3
001,000781,1,2020/06/20,08:00:53,000,3
003,000654,1,2020/06/20,08:01:04,000,3
001,000179,1,2020/06/20,08:01:38,000,3
003,000447,1,2020/06/20,08:01:42,000,3
003,000275,1,2020/06/20,08:02:23,000,3
003,001033,1,2020/06/20,08:02:32,000,3
003,000250,1,2020/06/20,08:02:37,000,3
002,000594,0,2020/06/20,08:03:21,000,3
004,000661,0,2020/06/20,08:03:58,000,3
004,000305,0,2020/06/20,08:04:05,000,3
003,000655,1,2020/06/20,08:05:52,000,3
004,000915,0,2020/06/20,08:07:13,000,3
003,000408,1,2020/06/20,08:07:38,000,3
004,000314,0,2020/06/20,08:08:03,000,3
004,000756,0,2020/06/20,08:08:07,000,3
004,000396,0,2020/06/20,08:08:16,000,3
003,000632,1,2020/06/20,08:09:06,000,3
004,000783,0,2020/06/20,08:09:34,000,3
002,000303,0,2020/06/20,08:09:46,000,3
001,000885,1,2020/06/20,08:10:03,000,3
002,001020,0,2020/06/20,08:10:07,000,3
002,000345,0,2020/06/20,08:10:10,000,3
004,000156,0,2020/06/20,08:10:24,000,3
003,000352,1,2020/06/20,08:11:01,000,3
004,000718,0,2020/06/20,08:11:55,000,3
004,000388,0,2020/06/20,08:12:09,000,3
003,000416,1,2020/06/20,08:13:22,000,3
003,000424,1,2020/06/20,08:14:34,000,3
001,000285,1,2020/06/20,08:14:54,000,3
004,001061,0,2020/06/20,08:15:38,000,3
001,000639,1,2020/06/20,08:19:14,000,3
004,000218,0,2020/06/20,08:21:17,000,3
002,000149,0,2020/06/20,08:22:26,000,3
003,000353,1,2020/06/20,08:26:07,000,3
002,000223,0,2020/06/20,08:26:12,000,3
004,000110,0,2020/06/20,08:26:27,000,3
003,000771,1,2020/06/20,08:28:16,000,3
003,000683,1,2020/06/20,08:28:33,000,3
004,000852,0,2020/06/20,08:29:14,000,3
002,000269,0,2020/06/20,08:33:27,000,3
004,000186,0,2020/06/20,08:36:00,000,3
004,000204,0,2020/06/20,08:38:45,000,3
004,001035,0,2020/06/20,08:38:50,000,3
004,000948,0,2020/06/20,08:38:54,000,3
002,000952,0,2020/06/20,08:39:44,000,3
004,000184,0,2020/06/20,08:40:58,000,3
004,000236,0,2020/06/20,08:46:18,000,3
003,000010,1,2020/06/20,08:51:14,000,3
003,000243,1,2020/06/20,08:51:41,000,3
004,000473,0,2020/06/20,08:51:59,000,3
001,000697,1,2020/06/20,08:57:36,000,3
004,000767,0,2020/06/20,08:57:57,000,3
004,000759,0,2020/06/20,08:58:00,000,3
004,000749,0,2020/06/20,08:58:05,000,3
004,000955,0,2020/06/20,08:58:56,000,3
003,000498,1,2020/06/20,09:00:17,000,3
004,000711,0,2020/06/20,09:01:40,000,3
004,000986,0,2020/06/20,09:03:16,000,3
003,000111,1,2020/06/20,09:04:04,000,3
003,000733,1,2020/06/20,09:06:33,000,3
003,001036,1,2020/06/20,09:06:51,000,3
004,000870,0,2020/06/20,09:07:19,000,3
004,000412,0,2020/06/20,09:13:51,000,3
004,000018,0,2020/06/20,09:18:33,000,3
004,000737,0,2020/06/20,09:21:50,000,3
004,000734,0,2020/06/20,09:34:02,000,3
001,000367,1,2020/06/20,09:52:21,000,3
002,000367,0,2020/06/20,09:53:09,000,3
004,000255,0,2020/06/20,10:09:40,000,3
003,001080,1,2020/06/20,10:23:02,000,3
001,000178,1,2020/06/20,11:07:13,000,3
002,000178,0,2020/06/20,11:08:10,000,3
002,000424,0,2020/06/20,12:37:50,000,3
003,000879,1,2020/06/20,14:05:42,000,3
003,000904,1,2020/06/20,14:11:37,000,3
004,001072,0,2020/06/20,14:17:11,000,3
003,001067,1,2020/06/20,14:26:09,000,3
003,001029,1,2020/06/20,14:31:32,000,3
001,000706,1,2020/06/20,14:32:52,000,3
003,000570,1,2020/06/20,14:33:29,000,3
002,000758,0,2020/06/20,14:33:34,000,3
003,000709,1,2020/06/20,14:36:24,000,3
004,000240,0,2020/06/20,14:42:40,000,3
004,000867,0,2020/06/20,14:47:25,000,3
004,001003,0,2020/06/20,14:48:39,000,3
002,000868,0,2020/06/20,14:52:15,000,3
004,000893,0,2020/06/20,14:54:26,000,3
003,000583,1,2020/06/20,14:54:58,000,3
003,000577,1,2020/06/20,14:55:02,000,3
004,000608,0,2020/06/20,14:55:07,000,3
002,001068,0,2020/06/20,14:56:21,000,3
004,000554,0,2020/06/20,14:57:27,000,3
004,000536,0,2020/06/20,14:57:50,000,3
003,001081,1,2020/06/20,14:58:15,000,3
002,001077,0,2020/06/20,14:58:34,000,3
004,000559,0,2020/06/20,15:01:40,000,3
004,000552,0,2020/06/20,15:01:51,000,3
004,000850,0,2020/06/20,15:03:25,000,3
004,000540,0,2020/06/20,15:04:15,000,3
004,000567,0,2020/06/20,15:07:20,000,3
004,001069,0,2020/06/20,15:08:06,000,3
004,000498,0,2020/06/20,15:08:15,000,3
004,000558,0,2020/06/20,15:08:45,000,3
001,000903,1,2020/06/20,15:11:48,000,3
003,000576,1,2020/06/20,15:12:03,000,3
004,001084,0,2020/06/20,15:18:47,000,3
002,000320,0,2020/06/20,15:19:58,000,3
004,001076,0,2020/06/20,15:21:47,000,3
004,000562,0,2020/06/20,15:26:15,000,3
004,001075,0,2020/06/20,15:32:36,000,3
004,000821,0,2020/06/20,15:44:47,000,3
003,000211,1,2020/06/20,15:47:21,000,3
003,001021,1,2020/06/20,15:47:52,000,3
003,000154,1,2020/06/20,15:48:35,000,3
003,000897,1,2020/06/20,15:49:28,000,3
003,000831,1,2020/06/20,15:53:26,000,3
002,000179,0,2020/06/20,15:53:39,000,3
003,000200,1,2020/06/20,15:54:58,000,3
003,000241,1,2020/06/20,15:56:55,000,3
004,000632,0,2020/06/20,15:57:37,000,3
003,000219,1,2020/06/20,15:58:03,000,3
003,000124,1,2020/06/20,15:58:06,000,3
003,000292,1,2020/06/20,15:59:05,000,3
004,000954,0,2020/06/20,15:59:29,000,3
003,000264,1,2020/06/20,15:59:37,000,3
003,000123,1,2020/06/20,16:00:09,000,3
001,000239,1,2020/06/20,16:01:29,000,3
003,000181,1,2020/06/20,16:02:17,000,3
001,000865,1,2020/06/20,16:03:14,000,3
003,000132,1,2020/06/20,16:04:19,000,3
001,000106,1,2020/06/20,16:04:33,000,3
004,000164,0,2020/06/20,16:04:47,000,3
003,000177,1,2020/06/20,16:07:48,000,3
003,000245,1,2020/06/20,16:10:05,000,3
001,000341,1,2020/06/20,16:10:10,000,3
004,000180,0,2020/06/20,16:10:53,000,3
002,000781,0,2020/06/20,16:11:41,000,3
004,000121,0,2020/06/20,16:13:09,000,3
001,000769,1,2020/06/20,16:13:34,000,3
002,000161,0,2020/06/20,16:13:43,000,3
002,000108,0,2020/06/20,16:14:48,000,3
004,000294,0,2020/06/20,16:19:00,000,3
002,000285,0,2020/06/20,16:22:33,000,3
004,000116,0,2020/06/20,16:24:39,000,3
004,000282,0,2020/06/20,16:28:08,000,3
004,000654,0,2020/06/20,16:30:02,000,3
004,000869,0,2020/06/20,16:32:32,000,3
004,000192,0,2020/06/20,16:33:07,000,3
004,001033,0,2020/06/20,16:34:01,000,3
002,000879,0,2020/06/20,16:35:11,000,3
003,000246,1,2020/06/20,16:38:40,000,3
004,000246,0,2020/06/20,16:39:13,000,3
002,000262,0,2020/06/20,16:39:55,000,3
004,001054,0,2020/06/20,16:42:41,000,3
001,000281,1,2020/06/20,16:43:08,000,3
003,001052,1,2020/06/20,17:11:43,000,3
004,001052,0,2020/06/20,17:12:17,000,3
003,000726,1,2020/06/20,17:49:40,000,3
003,000841,1,2020/06/20,18:00:53,000,3
002,000636,0,2020/06/20,18:04:07,000,3
002,000640,0,2020/06/20,18:04:12,000,3
002,000625,0,2020/06/20,18:04:15,000,3
002,000886,0,2020/06/20,18:04:19,000,3
002,000630,0,2020/06/20,18:04:22,000,3
002,000888,0,2020/06/20,18:15:45,000,3
002,000887,0,2020/06/20,18:15:48,000,3
004,001074,0,2020/06/20,18:21:10,000,3
003,000641,1,2020/06/20,18:36:05,000,3
001,000774,1,2020/06/20,18:43:12,000,3
004,000771,0,2020/06/20,18:49:41,000,3
004,000556,0,2020/06/20,19:18:56,000,3
003,000711,1,2020/06/20,19:26:22,000,3
002,000697,0,2020/06/20,19:38:52,000,3
001,000677,1,2020/06/20,19:47:53,000,3
003,000693,1,2020/06/20,19:48:02,000,3
003,000667,1,2020/06/20,19:51:17,000,3
003,000670,1,2020/06/20,19:52:49,000,3
004,000683,0,2020/06/20,19:53:14,000,3
003,000830,1,2020/06/20,19:59:46,000,3
001,000999,1,2020/06/20,20:00:47,000,3
004,000655,0,2020/06/20,20:02:00,000,3
004,000690,0,2020/06/20,20:04:23,000,3
004,001029,0,2020/06/20,20:56:02,000,3
004,000706,0,2020/06/20,21:28:51,000,3
003,000573,1,2020/06/20,21:34:40,000,3
004,001080,0,2020/06/20,21:44:39,000,3
004,001078,0,2020/06/20,21:46:25,000,3
003,001070,1,2020/06/20,22:47:52,000,3
003,001071,1,2020/06/20,22:48:12,000,3
004,000709,0,2020/06/20,22:53:09,000,3
004,000793,0,2020/06/20,22:54:46,000,3
004,000577,0,2020/06/20,22:54:57,000,3
002,000903,0,2020/06/20,22:57:33,000,3
002,000904,0,2020/06/20,22:57:36,000,3
004,000570,0,2020/06/20,23:03:15,000,3
003,000537,1,2020/06/20,23:03:22,000,3
004,000576,0,2020/06/20,23:05:48,000,3
003,000589,1,2020/06/20,23:06:53,000,3
004,000583,0,2020/06/20,23:07:32,000,3
001,000587,1,2020/06/20,23:09:22,000,3
004,001081,0,2020/06/20,23:09:50,000,3
004,001067,0,2020/06/20,23:10:43,000,3
002,000275,0,2020/06/20,23:20:29,000,3
004,000827,0,2020/06/20,23:21:09,000,3
004,000821,0,2020/06/20,23:23:19,000,3
004,001009,0,2020/06/20,23:23:33,000,3
004,000807,0,2020/06/20,23:24:38,000,3
004,000841,0,2020/06/20,23:41:47,000,3
004,000263,0,2020/06/20,23:44:32,000,3
004,000225,0,2020/06/20,23:56:24,000,3
001,000890,1,2020/06/21,05:17:45,000,3
001,000624,1,2020/06/21,05:17:48,000,3
001,001010,1,2020/06/21,05:17:51,000,3
001,000637,1,2020/06/21,05:17:54,000,3
001,000891,1,2020/06/21,05:56:53,000,3
003,000565,1,2020/06/21,06:02:34,000,3
003,000542,1,2020/06/21,06:02:37,000,3
003,000561,1,2020/06/21,06:40:49,000,3
003,000569,1,2020/06/21,06:40:53,000,3
003,000543,1,2020/06/21,06:49:09,000,3
003,000609,1,2020/06/21,06:49:22,000,3
003,000551,1,2020/06/21,06:49:26,000,3
001,000557,1,2020/06/21,06:57:08,000,3
003,000545,1,2020/06/21,06:59:12,000,3
002,000341,0,2020/06/21,06:59:37,000,3
004,000726,0,2020/06/21,07:01:24,000,3
001,000548,1,2020/06/21,07:02:53,000,3
003,000568,1,2020/06/21,07:08:17,000,3
003,000552,1,2020/06/21,07:08:29,000,3
004,001070,0,2020/06/21,07:08:52,000,3
003,001084,1,2020/06/21,07:10:17,000,3
003,000855,1,2020/06/21,07:10:21,000,3
003,000710,1,2020/06/21,07:10:31,000,3
003,000571,1,2020/06/21,07:10:40,000,3
003,001073,1,2020/06/21,07:11:51,000,3
004,000537,0,2020/06/21,07:12:32,000,3
004,000587,0,2020/06/21,07:13:52,000,3
004,000589,0,2020/06/21,07:14:46,000,3
002,000774,0,2020/06/21,07:18:31,000,3
003,000574,1,2020/06/21,07:18:45,000,3
003,000788,1,2020/06/21,07:21:03,000,3
003,000439,1,2020/06/21,07:24:52,000,3
001,000546,1,2020/06/21,07:26:46,000,3
002,000641,0,2020/06/21,07:32:50,000,3
003,000905,1,2020/06/21,07:33:52,000,3
004,001071,0,2020/06/21,07:34:59,000,3
003,000549,1,2020/06/21,07:36:29,000,3
003,000265,1,2020/06/21,07:41:03,000,3
004,000670,0,2020/06/21,07:43:41,000,3
003,000449,1,2020/06/21,07:44:08,000,3
003,001035,1,2020/06/21,07:44:33,000,3
003,000771,1,2020/06/21,07:45:16,000,3
003,000952,1,2020/06/21,07:46:51,000,3
003,000138,1,2020/06/21,07:47:32,000,3
003,000149,1,2020/06/21,07:47:52,000,3
003,000115,1,2020/06/21,07:50:25,000,3
003,000927,1,2020/06/21,07:50:29,000,3
004,000573,0,2020/06/21,07:51:20,000,3
001,001005,1,2020/06/21,07:51:20,000,3
003,001061,1,2020/06/21,07:52:11,000,3
003,000472,1,2020/06/21,07:52:15,000,3
003,000612,1,2020/06/21,07:52:51,000,3
003,000825,1,2020/06/21,07:52:58,000,3
003,001034,1,2020/06/21,07:53:30,000,3
002,000355,0,2020/06/21,07:53:54,000,3
003,000955,1,2020/06/21,07:54:52,000,3
001,000288,1,2020/06/21,07:55:26,000,3
003,000184,1,2020/06/21,07:55:42,000,3
001,000594,1,2020/06/21,07:55:48,000,3
001,001011,1,2020/06/21,07:55:52,000,3
003,000802,1,2020/06/21,07:56:48,000,3
003,001001,1,2020/06/21,07:57:09,000,3
004,000817,0,2020/06/21,07:57:59,000,3
003,000437,1,2020/06/21,07:58:15,000,3
001,000781,1,2020/06/21,07:58:39,000,3
003,000255,1,2020/06/21,07:58:43,000,3
001,000818,1,2020/06/21,07:58:53,000,3
001,000941,1,2020/06/21,07:59:16,000,3
004,000667,0,2020/06/21,08:00:36,000,3
004,000830,0,2020/06/21,08:00:50,000,3
003,000005,1,2020/06/21,08:00:54,000,3
001,000884,1,2020/06/21,08:00:59,000,3
003,000425,1,2020/06/21,08:01:26,000,3
004,000096,0,2020/06/21,08:01:31,000,3
003,000734,1,2020/06/21,08:01:32,000,3
002,000447,0,2020/06/21,08:01:46,000,3
003,000128,1,2020/06/21,08:01:53,000,3
004,000435,0,2020/06/21,08:02:02,000,3
004,000408,0,2020/06/21,08:02:05,000,3
003,000759,1,2020/06/21,08:02:09,000,3
003,000390,1,2020/06/21,08:02:54,000,3
004,000693,0,2020/06/21,08:03:34,000,3
003,000236,1,2020/06/21,08:03:35,000,3
003,000783,1,2020/06/21,08:04:02,000,3
003,000749,1,2020/06/21,08:04:05,000,3
003,001054,1,2020/06/21,08:05:26,000,3
003,000170,1,2020/06/21,08:05:31,000,3
003,000673,1,2020/06/21,08:05:34,000,3
002,000245,0,2020/06/21,08:06:39,000,3
004,000136,0,2020/06/21,08:06:50,000,3
003,000767,1,2020/06/21,08:06:54,000,3
003,000942,1,2020/06/21,08:07:03,000,3
003,000657,1,2020/06/21,08:07:35,000,3
004,000123,0,2020/06/21,08:07:51,000,3
003,000862,1,2020/06/21,08:08:02,000,3
003,000793,1,2020/06/21,08:08:05,000,3
003,000186,1,2020/06/21,08:08:59,000,3
001,000215,1,2020/06/21,08:09:22,000,3
003,000660,1,2020/06/21,08:09:59,000,3
001,000738,1,2020/06/21,08:10:42,000,3
002,000999,0,2020/06/21,08:11:30,000,3
004,000264,0,2020/06/21,08:16:34,000,3
004,000677,0,2020/06/21,08:18:17,000,3
002,000413,0,2020/06/21,08:18:47,000,3
004,001021,0,2020/06/21,08:21:00,000,3
002,000241,0,2020/06/21,08:23:45,000,3
004,000177,0,2020/06/21,08:29:51,000,3
002,000217,0,2020/06/21,08:30:15,000,3
002,000292,0,2020/06/21,08:30:40,000,3
004,000897,0,2020/06/21,08:36:41,000,3
004,000219,0,2020/06/21,08:36:45,000,3
004,000124,0,2020/06/21,08:36:48,000,3
002,000831,0,2020/06/21,08:37:50,000,3
003,000407,1,2020/06/21,08:37:53,000,3
002,000769,0,2020/06/21,08:37:53,000,3
004,001031,0,2020/06/21,08:37:59,000,3
002,000181,0,2020/06/21,08:40:35,000,3
002,000885,0,2020/06/21,08:43:46,000,3
002,000106,0,2020/06/21,08:47:52,000,3
001,000638,1,2020/06/21,08:51:10,000,3
003,000875,1,2020/06/21,08:51:51,000,3
003,000016,1,2020/06/21,08:53:40,000,3
004,000261,0,2020/06/21,08:57:49,000,3
003,000349,1,2020/06/21,08:58:32,000,3
004,000353,0,2020/06/21,08:59:02,000,3
003,000176,1,2020/06/21,08:59:14,000,3
003,000216,1,2020/06/21,08:59:18,000,3
004,000733,0,2020/06/21,09:04:54,000,3
004,000010,0,2020/06/21,09:07:01,000,3
004,000711,0,2020/06/21,09:07:17,000,3
003,000541,1,2020/06/21,09:11:08,000,3
004,000243,0,2020/06/21,09:13:19,000,3
003,000015,1,2020/06/21,09:19:21,000,3
003,000698,1,2020/06/21,09:21:20,000,3
003,000998,1,2020/06/21,09:58:40,000,3
004,001036,0,2020/06/21,10:00:41,000,3
004,000154,0,2020/06/21,10:17:16,000,3
004,000363,0,2020/06/21,11:30:38,000,3
002,000382,0,2020/06/21,11:54:20,000,3
003,000680,1,2020/06/21,12:03:41,000,3
003,000579,1,2020/06/21,14:35:28,000,3
003,000605,1,2020/06/21,14:43:39,000,3
004,000565,0,2020/06/21,14:47:21,000,3
004,000542,0,2020/06/21,14:47:24,000,3
003,000623,1,2020/06/21,14:52:35,000,3
003,000621,1,2020/06/21,14:52:39,000,3
003,000589,1,2020/06/21,14:52:44,000,3
002,000574,0,2020/06/21,14:55:01,000,3
003,000576,1,2020/06/21,14:55:53,000,3
003,000907,1,2020/06/21,14:56:17,000,3
003,001029,1,2020/06/21,14:56:41,000,3
004,000571,0,2020/06/21,14:56:47,000,3
003,000770,1,2020/06/21,14:58:24,000,3
004,000568,0,2020/06/21,15:00:17,000,3
004,000552,0,2020/06/21,15:01:09,000,3
003,000021,1,2020/06/21,15:01:15,000,3
004,000551,0,2020/06/21,15:01:42,000,3
004,000545,0,2020/06/21,15:02:01,000,3
002,000546,0,2020/06/21,15:03:59,000,3
002,000548,0,2020/06/21,15:05:11,000,3
004,000855,0,2020/06/21,15:05:26,000,3
004,000793,0,2020/06/21,15:05:54,000,3
002,000557,0,2020/06/21,15:06:56,000,3
004,000549,0,2020/06/21,15:08:52,000,3
002,000543,0,2020/06/21,15:08:58,000,3
002,000771,0,2020/06/21,15:09:11,000,3
004,001073,0,2020/06/21,15:11:39,000,3
004,001084,0,2020/06/21,15:12:32,000,3
002,000875,0,2020/06/21,15:14:17,000,3
004,000569,0,2020/06/21,15:15:42,000,3
004,000954,0,2020/06/21,15:35:52,000,3
003,001064,1,2020/06/21,15:41:07,000,3
004,000749,0,2020/06/21,15:42:33,000,3
003,000024,1,2020/06/21,15:43:59,000,3
001,000427,1,2020/06/21,15:46:06,000,3
003,000192,1,2020/06/21,15:52:49,000,3
004,001001,0,2020/06/21,15:53:01,000,3
004,000186,0,2020/06/21,15:53:17,000,3
004,000236,0,2020/06/21,15:53:23,000,3
001,000148,1,2020/06/21,15:54:38,000,3
003,000250,1,2020/06/21,15:55:31,000,3
001,000813,1,2020/06/21,15:56:18,000,3
003,000271,1,2020/06/21,15:56:45,000,3
003,000137,1,2020/06/21,15:57:07,000,3
003,000098,1,2020/06/21,15:57:28,000,3
003,001060,1,2020/06/21,15:58:10,000,3
003,001030,1,2020/06/21,16:00:11,000,3
001,000863,1,2020/06/21,16:02:30,000,3
001,000747,1,2020/06/21,16:02:33,000,3
001,000161,1,2020/06/21,16:04:29,000,3
003,001037,1,2020/06/21,16:04:48,000,3
001,000207,1,2020/06/21,16:05:23,000,3
003,000101,1,2020/06/21,16:05:33,000,3
002,000119,0,2020/06/21,16:06:20,000,3
002,000884,0,2020/06/21,16:06:36,000,3
004,001061,0,2020/06/21,16:08:34,000,3
004,000759,0,2020/06/21,16:09:25,000,3
004,000265,0,2020/06/21,16:09:36,000,3
004,000115,0,2020/06/21,16:09:40,000,3
003,000204,1,2020/06/21,16:11:36,000,3
002,000781,0,2020/06/21,16:12:45,000,3
004,000734,0,2020/06/21,16:22:11,000,3
004,000255,0,2020/06/21,16:27:47,000,3
002,000149,0,2020/06/21,16:28:52,000,3
004,001033,0,2020/06/21,16:30:58,000,3
004,000767,0,2020/06/21,16:31:02,000,3
004,001035,0,2020/06/21,16:33:03,000,3
004,001034,0,2020/06/21,16:33:09,000,3
004,000955,0,2020/06/21,16:33:13,000,3
002,000952,0,2020/06/21,16:35:28,000,3
004,001054,0,2020/06/21,16:36:33,000,3
002,000184,0,2020/06/21,16:39:09,000,3
004,000170,0,2020/06/21,17:03:34,000,3
003,000607,1,2020/06/21,17:10:34,000,3
004,000905,0,2020/06/21,17:30:07,000,3
004,000698,0,2020/06/21,17:37:37,000,3
004,000541,0,2020/06/21,17:37:41,000,3
002,000890,0,2020/06/21,17:47:13,000,3
002,000891,0,2020/06/21,17:47:17,000,3
002,000637,0,2020/06/21,17:47:20,000,3
002,000638,0,2020/06/21,17:47:23,000,3
002,000624,0,2020/06/21,17:47:26,000,3
003,000538,1,2020/06/21,18:24:08,000,3
003,000588,1,2020/06/21,18:37:03,000,3
002,001010,0,2020/06/21,18:47:34,000,3
002,001011,0,2020/06/21,18:47:38,000,3
003,000711,1,2020/06/21,19:03:03,000,3
003,000641,1,2020/06/21,19:05:24,000,3
004,000710,0,2020/06/21,19:09:36,000,3
004,000609,0,2020/06/21,19:16:20,000,3
004,000612,0,2020/06/21,19:30:53,000,3
004,000673,0,2020/06/21,19:43:47,000,3
004,000660,0,2020/06/21,19:43:50,000,3
002,000680,0,2020/06/21,19:50:01,000,3
003,000683,1,2020/06/21,19:51:34,000,3
004,000657,0,2020/06/21,19:52:50,000,3
003,000658,1,2020/06/21,19:55:00,000,3
003,000655,1,2020/06/21,19:55:03,000,3
003,000919,1,2020/06/21,20:01:55,000,3
002,000591,0,2020/06/21,21:04:55,000,3
002,000594,0,2020/06/21,21:05:02,000,3
003,000578,1,2020/06/21,21:25:12,000,3
004,001029,0,2020/06/21,21:33:54,000,3
004,000998,0,2020/06/21,21:49:40,000,3
004,000907,0,2020/06/21,22:22:26,000,3
003,000604,1,2020/06/21,22:46:44,000,3
004,000579,0,2020/06/21,22:49:30,000,3
003,000550,1,2020/06/21,22:53:04,000,3
003,000685,1,2020/06/21,22:55:30,000,3
003,000583,1,2020/06/21,22:56:12,000,3
003,000577,1,2020/06/21,22:56:16,000,3
004,000623,0,2020/06/21,22:56:35,000,3
004,000605,0,2020/06/21,22:58:49,000,3
004,000589,0,2020/06/21,23:02:32,000,3
004,000607,0,2020/06/21,23:02:46,000,3
004,000621,0,2020/06/21,23:05:24,000,3
004,000770,0,2020/06/21,23:07:34,000,3
003,000587,1,2020/06/21,23:08:44,000,3
004,000576,0,2020/06/21,23:12:54,000,3
004,000904,0,2020/06/21,23:27:35,000,3
004,000407,0,2020/06/21,23:34:09,000,3
004,000128,0,2020/06/21,23:36:44,000,3
004,000862,0,2020/06/21,23:48:12,000,3
002,000215,0,2020/06/21,23:49:39,000,3
001,000636,1,2020/06/22,05:28:25,000,3
001,000625,1,2020/06/22,05:30:15,000,3
001,000624,1,2020/06/22,05:30:18,000,3
001,000630,1,2020/06/22,05:30:22,000,3
001,001010,1,2020/06/22,05:30:26,000,3
001,000635,1,2020/06/22,05:52:39,000,3
001,000640,1,2020/06/22,05:57:32,000,3
003,000561,1,2020/06/22,06:02:46,000,3
003,000565,1,2020/06/22,06:11:42,000,3
003,000542,1,2020/06/22,06:11:46,000,3
003,000777,1,2020/06/22,06:41:41,000,3
003,000554,1,2020/06/22,06:42:05,000,3
003,001077,1,2020/06/22,06:46:18,000,3
001,000557,1,2020/06/22,06:46:35,000,3
003,000726,1,2020/06/22,06:46:38,000,3
003,000779,1,2020/06/22,06:47:41,000,3
003,000893,1,2020/06/22,06:48:05,000,3
003,000566,1,2020/06/22,06:48:08,000,3
003,000571,1,2020/06/22,06:48:42,000,3
003,000543,1,2020/06/22,06:48:48,000,3
003,000868,1,2020/06/22,06:48:52,000,3
003,000545,1,2020/06/22,06:49:02,000,3
004,000578,0,2020/06/22,06:49:28,000,3
003,001069,1,2020/06/22,06:51:03,000,3
003,000567,1,2020/06/22,06:51:31,000,3
003,000552,1,2020/06/22,06:53:37,000,3
003,000574,1,2020/06/22,06:53:54,000,3
003,000859,1,2020/06/22,06:53:58,000,3
003,000704,1,2020/06/22,06:54:03,000,3
003,000562,1,2020/06/22,06:54:07,000,3
003,001076,1,2020/06/22,06:54:31,000,3
003,000758,1,2020/06/22,06:56:31,000,3
001,000499,1,2020/06/22,06:59:10,000,3
001,000547,1,2020/06/22,06:59:15,000,3
001,000558,1,2020/06/22,06:59:19,000,3
003,000301,1,2020/06/22,06:59:21,000,3
003,001074,1,2020/06/22,07:00:22,000,3
004,000577,0,2020/06/22,07:01:24,000,3
003,000551,1,2020/06/22,07:02:30,000,3
004,000604,0,2020/06/22,07:02:33,000,3
004,000550,0,2020/06/22,07:04:23,000,3
001,000548,1,2020/06/22,07:05:01,000,3
003,000867,1,2020/06/22,07:06:57,000,3
002,000587,0,2020/06/22,07:07:35,000,3
003,000568,1,2020/06/22,07:08:33,000,3
003,000536,1,2020/06/22,07:08:37,000,3
003,000717,1,2020/06/22,07:09:05,000,3
003,001075,1,2020/06/22,07:10:32,000,3
004,000583,0,2020/06/22,07:10:33,000,3
003,000393,1,2020/06/22,07:11:45,000,3
004,000641,0,2020/06/22,07:11:58,000,3
003,000581,1,2020/06/22,07:12:01,000,3
003,001073,1,2020/06/22,07:12:37,000,3
003,000466,1,2020/06/22,07:14:47,000,3
003,000546,1,2020/06/22,07:14:51,000,3
003,000850,1,2020/06/22,07:15:16,000,3
003,000502,1,2020/06/22,07:15:45,000,3
003,000608,1,2020/06/22,07:15:49,000,3
003,000559,1,2020/06/22,07:15:58,000,3
001,001068,1,2020/06/22,07:16:34,000,3
004,000538,0,2020/06/22,07:17:26,000,3
003,000549,1,2020/06/22,07:18:07,000,3
001,001072,1,2020/06/22,07:18:22,000,3
003,000556,1,2020/06/22,07:19:58,000,3
003,000564,1,2020/06/22,07:20:57,000,3
003,000775,1,2020/06/22,07:22:46,000,3
003,000855,1,2020/06/22,07:22:49,000,3
004,000588,0,2020/06/22,07:25:15,000,3
001,000370,1,2020/06/22,07:26:29,000,3
003,000381,1,2020/06/22,07:35:28,000,3
003,000315,1,2020/06/22,07:35:43,000,3
003,000907,1,2020/06/22,07:37:35,000,3
003,000493,1,2020/06/22,07:37:39,000,3
003,000507,1,2020/06/22,07:37:43,000,3
003,000314,1,2020/06/22,07:38:57,000,3
003,000523,1,2020/06/22,07:40:24,000,3
003,000724,1,2020/06/22,07:40:33,000,3
003,000008,1,2020/06/22,07:41:57,000,3
003,000208,1,2020/06/22,07:43:01,000,3
001,000142,1,2020/06/22,07:43:47,000,3
003,000778,1,2020/06/22,07:44:04,000,3
003,001052,1,2020/06/22,07:44:26,000,3
003,000175,1,2020/06/22,07:44:29,000,3
001,000530,1,2020/06/22,07:46:46,000,3
003,000265,1,2020/06/22,07:47:16,000,3
001,000152,1,2020/06/22,07:47:18,000,3
001,000286,1,2020/06/22,07:48:13,000,3
001,000616,1,2020/06/22,07:48:32,000,3
001,000307,1,2020/06/22,07:49:02,000,3
003,000519,1,2020/06/22,07:49:26,000,3
003,000723,1,2020/06/22,07:49:32,000,3
001,000497,1,2020/06/22,07:50:00,000,3
003,000247,1,2020/06/22,07:50:27,000,3
003,000953,1,2020/06/22,07:50:48,000,3
003,000218,1,2020/06/22,07:51:24,000,3
001,000682,1,2020/06/22,07:51:38,000,3
001,000159,1,2020/06/22,07:51:51,000,3
001,000134,1,2020/06/22,07:51:55,000,3
003,000182,1,2020/06/22,07:52:14,000,3
001,000692,1,2020/06/22,07:52:37,000,3
001,000821,1,2020/06/22,07:52:41,000,3
001,001065,1,2020/06/22,07:52:45,000,3
001,000659,1,2020/06/22,07:52:55,000,3
003,000759,1,2020/06/22,07:53:30,000,3
003,000504,1,2020/06/22,07:53:49,000,3
001,000361,1,2020/06/22,07:53:52,000,3
002,000439,0,2020/06/22,07:54:02,000,3
003,001004,1,2020/06/22,07:54:02,000,3
003,000118,1,2020/06/22,07:54:06,000,3
002,000425,0,2020/06/22,07:54:08,000,3
001,000336,1,2020/06/22,07:54:09,000,3
003,000690,1,2020/06/22,07:54:22,000,3
001,000234,1,2020/06/22,07:54:35,000,3
003,000503,1,2020/06/22,07:55:07,000,3
001,000364,1,2020/06/22,07:55:09,000,3
003,000526,1,2020/06/22,07:55:10,000,3
001,000368,1,2020/06/22,07:55:12,000,3
003,000534,1,2020/06/22,07:55:14,000,3
001,000343,1,2020/06/22,07:55:15,000,3
003,000741,1,2020/06/22,07:55:17,000,3
003,000782,1,2020/06/22,07:55:23,000,3
003,000211,1,2020/06/22,07:55:28,000,3
003,000100,1,2020/06/22,07:55:31,000,3
003,000096,1,2020/06/22,07:55:34,000,3
003,000097,1,2020/06/22,07:55:38,000,3
003,000986,1,2020/06/22,07:55:44,000,3
001,000752,1,2020/06/22,07:55:56,000,3
003,000295,1,2020/06/22,07:56:00,000,3
001,000310,1,2020/06/22,07:56:01,000,3
003,000140,1,2020/06/22,07:56:04,000,3
004,000005,0,2020/06/22,07:56:14,000,3
003,000242,1,2020/06/22,07:56:27,000,3
001,000498,1,2020/06/22,07:56:29,000,3
003,000282,1,2020/06/22,07:56:34,000,3
003,001079,1,2020/06/22,07:56:38,000,3
003,000164,1,2020/06/22,07:56:41,000,3
003,000518,1,2020/06/22,07:56:49,000,3
001,000166,1,2020/06/22,07:56:50,000,3
001,000944,1,2020/06/22,07:56:53,000,3
001,000715,1,2020/06/22,07:56:57,000,3
001,000413,1,2020/06/22,07:57:04,000,3
001,000714,1,2020/06/22,07:57:08,000,3
003,000942,1,2020/06/22,07:57:14,000,3
003,000663,1,2020/06/22,07:57:17,000,3
001,000875,1,2020/06/22,07:57:23,000,3
001,000613,1,2020/06/22,07:57:27,000,3
001,000510,1,2020/06/22,07:57:31,000,3
003,000654,1,2020/06/22,07:58:05,000,3
001,001032,1,2020/06/22,07:58:32,000,3
003,000661,1,2020/06/22,07:58:54,000,3
003,000672,1,2020/06/22,07:58:57,000,3
003,000668,1,2020/06/22,07:59:04,000,3
001,000235,1,2020/06/22,07:59:14,000,3
004,000655,0,2020/06/22,07:59:16,000,3
001,000405,1,2020/06/22,07:59:39,000,3
001,000906,1,2020/06/22,07:59:53,000,3
003,000238,1,2020/06/22,08:00:00,000,3
001,000914,1,2020/06/22,08:00:02,000,3
003,000458,1,2020/06/22,08:00:03,000,3
001,000681,1,2020/06/22,08:00:06,000,3
003,000620,1,2020/06/22,08:00:07,000,3
003,000469,1,2020/06/22,08:00:11,000,3
001,000292,1,2020/06/22,08:00:13,000,3
001,000762,1,2020/06/22,08:00:19,000,3
003,000842,1,2020/06/22,08:00:25,000,3
003,000897,1,2020/06/22,08:00:31,000,3
001,000281,1,2020/06/22,08:00:36,000,3
003,000108,1,2020/06/22,08:00:40,000,3
003,000869,1,2020/06/22,08:00:46,000,3
003,000501,1,2020/06/22,08:00:50,000,3
003,000610,1,2020/06/22,08:00:54,000,3
001,000884,1,2020/06/22,08:00:54,000,3
003,000006,1,2020/06/22,08:00:59,000,3
003,000529,1,2020/06/22,08:01:03,000,3
001,000180,1,2020/06/22,08:01:07,000,3
001,000285,1,2020/06/22,08:01:11,000,3
001,000861,1,2020/06/22,08:01:15,000,3
001,000505,1,2020/06/22,08:01:21,000,3
003,000429,1,2020/06/22,08:01:23,000,3
003,000010,1,2020/06/22,08:01:28,000,3
001,000348,1,2020/06/22,08:01:30,000,3
001,000372,1,2020/06/22,08:01:34,000,3
003,000397,1,2020/06/22,08:01:36,000,3
001,000373,1,2020/06/22,08:01:37,000,3
001,000823,1,2020/06/22,08:01:40,000,3
003,001050,1,2020/06/22,08:01:40,000,3
003,000879,1,2020/06/22,08:01:44,000,3
003,000695,1,2020/06/22,08:01:50,000,3
001,000179,1,2020/06/22,08:01:53,000,3
003,000111,1,2020/06/22,08:02:14,000,3
001,000428,1,2020/06/22,08:02:17,000,3
003,000633,1,2020/06/22,08:02:17,000,3
003,000270,1,2020/06/22,08:02:30,000,3
004,000683,0,2020/06/22,08:02:33,000,3
001,000508,1,2020/06/22,08:02:37,000,3
002,000216,0,2020/06/22,08:02:39,000,3
003,000203,1,2020/06/22,08:02:44,000,3
001,000402,1,2020/06/22,08:02:49,000,3
001,000155,1,2020/06/22,08:02:52,000,3
003,000017,1,2020/06/22,08:02:54,000,3
001,000664,1,2020/06/22,08:03:04,000,3
003,000915,1,2020/06/22,08:03:21,000,3
001,000925,1,2020/06/22,08:03:22,000,3
003,000527,1,2020/06/22,08:03:28,000,3
003,000697,1,2020/06/22,08:03:34,000,3
003,000195,1,2020/06/22,08:03:41,000,3
003,001028,1,2020/06/22,08:03:56,000,3
003,000524,1,2020/06/22,08:04:07,000,3
003,000656,1,2020/06/22,08:04:17,000,3
003,000104,1,2020/06/22,08:04:22,000,3
003,000099,1,2020/06/22,08:04:26,000,3
001,000520,1,2020/06/22,08:04:46,000,3
001,000417,1,2020/06/22,08:05:15,000,3
003,000213,1,2020/06/22,08:05:40,000,3
003,000815,1,2020/06/22,08:05:58,000,3
003,000268,1,2020/06/22,08:06:16,000,3
003,000277,1,2020/06/22,08:06:20,000,3
003,000232,1,2020/06/22,08:06:28,000,3
001,000275,1,2020/06/22,08:06:43,000,3
003,000240,1,2020/06/22,08:06:57,000,3
001,000262,1,2020/06/22,08:07:03,000,3
003,000018,1,2020/06/22,08:07:18,000,3
001,000632,1,2020/06/22,08:07:25,000,3
001,000453,1,2020/06/22,08:07:30,000,3
001,000228,1,2020/06/22,08:07:33,000,3
001,000444,1,2020/06/22,08:07:39,000,3
001,000280,1,2020/06/22,08:07:43,000,3
001,000725,1,2020/06/22,08:07:47,000,3
001,000896,1,2020/06/22,08:07:50,000,3
001,000492,1,2020/06/22,08:07:53,000,3
001,000516,1,2020/06/22,08:07:58,000,3
001,000512,1,2020/06/22,08:08:01,000,3
001,000478,1,2020/06/22,08:08:04,000,3
001,000496,1,2020/06/22,08:08:08,000,3
001,000189,1,2020/06/22,08:08:12,000,3
003,000959,1,2020/06/22,08:08:19,000,3
001,000221,1,2020/06/22,08:08:20,000,3
004,000919,0,2020/06/22,08:08:23,000,3
003,001003,1,2020/06/22,08:08:40,000,3
003,001000,1,2020/06/22,08:08:43,000,3
003,000156,1,2020/06/22,08:08:47,000,3
003,000176,1,2020/06/22,08:08:50,000,3
003,000515,1,2020/06/22,08:08:53,000,3
003,000233,1,2020/06/22,08:08:56,000,3
001,000926,1,2020/06/22,08:09:18,000,3
003,000870,1,2020/06/22,08:09:31,000,3
003,000319,1,2020/06/22,08:09:35,000,3
001,000206,1,2020/06/22,08:09:40,000,3
001,000943,1,2020/06/22,08:09:57,000,3
004,000015,0,2020/06/22,08:10:24,000,3
002,000148,0,2020/06/22,08:10:41,000,3
001,000900,1,2020/06/22,08:10:50,000,3
003,000360,1,2020/06/22,08:10:54,000,3
003,000188,1,2020/06/22,08:11:09,000,3
004,000024,0,2020/06/22,08:11:22,000,3
003,000763,1,2020/06/22,08:11:24,000,3
001,000424,1,2020/06/22,08:11:28,000,3
004,000390,0,2020/06/22,08:11:49,000,3
004,000398,0,2020/06/22,08:11:54,000,3
002,000427,0,2020/06/22,08:12:06,000,3
001,000198,1,2020/06/22,08:12:07,000,3
001,000521,1,2020/06/22,08:12:10,000,3
001,000948,1,2020/06/22,08:12:19,000,3
001,000377,1,2020/06/22,08:12:32,000,3
003,001066,1,2020/06/22,08:12:51,000,3
003,000698,1,2020/06/22,08:12:57,000,3
003,001082,1,2020/06/22,08:13:02,000,3
001,000849,1,2020/06/22,08:13:13,000,3
003,000012,1,2020/06/22,08:13:55,000,3
003,000517,1,2020/06/22,08:13:59,000,3
004,000449,0,2020/06/22,08:14:05,000,3
001,000112,1,2020/06/22,08:14:14,000,3
001,000834,1,2020/06/22,08:14:38,000,3
003,001047,1,2020/06/22,08:15:13,000,3
001,000408,1,2020/06/22,08:15:55,000,3
001,000438,1,2020/06/22,08:15:59,000,3
002,000813,0,2020/06/22,08:16:01,000,3
001,000441,1,2020/06/22,08:16:11,000,3
001,000289,1,2020/06/22,08:16:19,000,3
001,000139,1,2020/06/22,08:16:37,000,3
001,000440,1,2020/06/22,08:16:54,000,3
004,000016,0,2020/06/22,08:16:57,000,3
004,000349,0,2020/06/22,08:17:01,000,3
003,000514,1,2020/06/22,08:18:19,000,3
004,000426,0,2020/06/22,08:18:28,000,3
001,000120,1,2020/06/22,08:18:31,000,3
001,000351,1,2020/06/22,08:19:01,000,3
001,000338,1,2020/06/22,08:19:07,000,3
001,000038,1,2020/06/22,08:19:10,000,3
001,000872,1,2020/06/22,08:19:17,000,3
002,000161,0,2020/06/22,08:19:34,000,3
003,000699,1,2020/06/22,08:19:45,000,3
001,000365,1,2020/06/22,08:19:54,000,3
001,000367,1,2020/06/22,08:19:57,000,3
003,000416,1,2020/06/22,08:20:11,000,3
001,000114,1,2020/06/22,08:21:17,000,3
002,000818,0,2020/06/22,08:21:48,000,3
003,000415,1,2020/06/22,08:22:10,000,3
003,000594,1,2020/06/22,08:22:29,000,3
004,000021,0,2020/06/22,08:24:23,000,3
002,000802,0,2020/06/22,08:27:27,000,3
003,000358,1,2020/06/22,08:28:18,000,3
003,000350,1,2020/06/22,08:28:22,000,3
002,000747,0,2020/06/22,08:29:28,000,3
004,000192,0,2020/06/22,08:29:36,000,3
004,000204,0,2020/06/22,08:29:39,000,3
004,001037,0,2020/06/22,08:29:52,000,3
004,000927,0,2020/06/22,08:29:56,000,3
001,000167,1,2020/06/22,08:30:21,000,3
002,000738,0,2020/06/22,08:30:57,000,3
001,000201,1,2020/06/22,08:31:05,000,3
004,000222,0,2020/06/22,08:32:16,000,3
004,001060,0,2020/06/22,08:32:19,000,3
004,000863,0,2020/06/22,08:33:45,000,3
004,000138,0,2020/06/22,08:33:59,000,3
002,000941,0,2020/06/22,08:34:24,000,3
002,001005,0,2020/06/22,08:34:32,000,3
004,000137,0,2020/06/22,08:34:53,000,3
003,000388,1,2020/06/22,08:35:22,000,3
004,000098,0,2020/06/22,08:36:15,000,3
002,000207,0,2020/06/22,08:36:16,000,3
003,000733,1,2020/06/22,08:37:57,000,3
004,000271,0,2020/06/22,08:40:31,000,3
004,001064,0,2020/06/22,08:40:38,000,3
003,000996,1,2020/06/22,08:46:13,000,3
004,000437,0,2020/06/22,08:48:43,000,3
003,001067,1,2020/06/22,09:00:44,000,3
004,000101,0,2020/06/22,09:06:21,000,3
001,000366,1,2020/06/22,09:24:13,000,3
001,000356,1,2020/06/22,09:24:16,000,3
003,000998,1,2020/06/22,09:36:42,000,3
001,000888,1,2020/06/22,09:40:18,000,3
001,000890,1,2020/06/22,09:40:21,000,3
003,000383,1,2020/06/22,09:41:15,000,3
001,000637,1,2020/06/22,09:54:10,000,3
001,000638,1,2020/06/22,09:58:46,000,3
001,000887,1,2020/06/22,09:59:27,000,3
001,000891,1,2020/06/22,10:02:31,000,3
001,000639,1,2020/06/22,10:02:34,000,3
001,001011,1,2020/06/22,10:06:20,000,3
004,000611,0,2020/06/22,12:33:38,000,3
004,000188,0,2020/06/22,13:06:25,000,3
002,000640,0,2020/06/22,13:51:24,000,3
001,000570,1,2020/06/22,14:03:20,000,3
002,001010,0,2020/06/22,14:25:17,000,3
002,000625,0,2020/06/22,14:25:20,000,3
002,000630,0,2020/06/22,14:25:23,000,3
002,000635,0,2020/06/22,14:25:26,000,3
002,000636,0,2020/06/22,14:25:30,000,3
002,000624,0,2020/06/22,14:25:33,000,3
001,000605,1,2020/06/22,14:26:32,000,3
002,000120,0,2020/06/22,14:31:18,000,3
001,000706,1,2020/06/22,14:31:23,000,3
004,000834,0,2020/06/22,14:32:10,000,3
004,000581,0,2020/06/22,14:34:01,000,3
003,000576,1,2020/06/22,14:37:04,000,3
004,000197,0,2020/06/22,14:40:09,000,3
003,001070,1,2020/06/22,14:40:11,000,3
003,000541,1,2020/06/22,14:41:52,000,3
001,000709,1,2020/06/22,14:42:50,000,3
003,000623,1,2020/06/22,14:45:06,000,3
003,000621,1,2020/06/22,14:45:20,000,3
004,000301,0,2020/06/22,14:46:05,000,3
002,000953,0,2020/06/22,14:49:51,000,3
004,000562,0,2020/06/22,14:50:23,000,3
004,000566,0,2020/06/22,14:51:52,000,3
002,001068,0,2020/06/22,14:52:28,000,3
003,001081,1,2020/06/22,14:52:45,000,3
003,001071,1,2020/06/22,14:53:01,000,3
003,000579,1,2020/06/22,14:53:13,000,3
003,001029,1,2020/06/22,14:53:20,000,3
002,000424,0,2020/06/22,14:55:41,000,3
004,001073,0,2020/06/22,14:56:26,000,3
004,000850,0,2020/06/22,14:58:04,000,3
004,000893,0,2020/06/22,14:58:36,000,3
004,000542,0,2020/06/22,14:58:44,000,3
004,000565,0,2020/06/22,14:58:48,000,3
004,000775,0,2020/06/22,14:59:41,000,3
002,000758,0,2020/06/22,14:59:46,000,3
004,000551,0,2020/06/22,15:00:29,000,3
004,001077,0,2020/06/22,15:00:32,000,3
004,000559,0,2020/06/22,15:00:47,000,3
003,000770,1,2020/06/22,15:00:48,000,3
004,000536,0,2020/06/22,15:00:54,000,3
002,000557,0,2020/06/22,15:00:54,000,3
002,000777,0,2020/06/22,15:00:58,000,3
002,000571,0,2020/06/22,15:01:02,000,3
004,000549,0,2020/06/22,15:01:31,000,3
004,000567,0,2020/06/22,15:03:21,000,3
002,000543,0,2020/06/22,15:03:23,000,3
004,000295,0,2020/06/22,15:03:24,000,3
004,000574,0,2020/06/22,15:04:07,000,3
001,000903,1,2020/06/22,15:04:34,000,3
004,000608,0,2020/06/22,15:05:01,000,3
002,000548,0,2020/06/22,15:06:07,000,3
004,000568,0,2020/06/22,15:06:12,000,3
004,000558,0,2020/06/22,15:08:05,000,3
003,000302,1,2020/06/22,15:08:09,000,3
004,000545,0,2020/06/22,15:08:09,000,3
004,001069,0,2020/06/22,15:08:13,000,3
001,000904,1,2020/06/22,15:09:13,000,3
004,000867,0,2020/06/22,15:12:10,000,3
004,000855,0,2020/06/22,15:13:06,000,3
003,000783,1,2020/06/22,15:15:30,000,3
004,000823,0,2020/06/22,15:16:26,000,3
004,000554,0,2020/06/22,15:20:18,000,3
002,000307,0,2020/06/22,15:22:45,000,3
003,001061,1,2020/06/22,15:23:12,000,3
004,000546,0,2020/06/22,15:23:24,000,3
003,000827,1,2020/06/22,15:25:26,000,3
001,000158,1,2020/06/22,15:25:31,000,3
004,001076,0,2020/06/22,15:29:39,000,3
004,001075,0,2020/06/22,15:29:43,000,3
001,000785,1,2020/06/22,15:30:42,000,3
003,001062,1,2020/06/22,15:32:56,000,3
003,000387,1,2020/06/22,15:35:34,000,3
003,000212,1,2020/06/22,15:39:28,000,3
003,000283,1,2020/06/22,15:41:04,000,3
003,000737,1,2020/06/22,15:43:14,000,3
003,001035,1,2020/06/22,15:44:52,000,3
001,000345,1,2020/06/22,15:45:30,000,3
003,000734,1,2020/06/22,15:45:34,000,3
002,000872,0,2020/06/22,15:46:16,000,3
002,000367,0,2020/06/22,15:46:20,000,3
002,000365,0,2020/06/22,15:46:26,000,3
004,001028,0,2020/06/22,15:46:37,000,3
003,000255,1,2020/06/22,15:47:31,000,3
001,000223,1,2020/06/22,15:47:54,000,3
002,000348,0,2020/06/22,15:48:00,000,3
002,000320,0,2020/06/22,15:48:37,000,3
004,000704,0,2020/06/22,15:50:19,000,3
004,001050,0,2020/06/22,15:51:10,000,3
003,000294,1,2020/06/22,15:52:12,000,3
004,000018,0,2020/06/22,15:53:12,000,3
003,000807,1,2020/06/22,15:53:12,000,3
004,000008,0,2020/06/22,15:53:15,000,3
003,001053,1,2020/06/22,15:53:15,000,3
004,000195,0,2020/06/22,15:53:26,000,3
003,000004,1,2020/06/22,15:53:33,000,3
004,000458,0,2020/06/22,15:53:40,000,3
004,000268,0,2020/06/22,15:53:51,000,3
004,000343,0,2020/06/22,15:54:04,000,3
004,000381,0,2020/06/22,15:54:12,000,3
004,000310,0,2020/06/22,15:55:15,000,3
002,000277,0,2020/06/22,15:55:25,000,3
002,000377,0,2020/06/22,15:55:28,000,3
003,000323,1,2020/06/22,15:55:39,000,3
004,000469,0,2020/06/22,15:56:14,000,3
004,000100,0,2020/06/22,15:56:18,000,3
003,000219,1,2020/06/22,15:56:29,000,3
003,000205,1,2020/06/22,15:56:33,000,3
004,000096,0,2020/06/22,15:56:41,000,3
004,000097,0,2020/06/22,15:56:44,000,3
004,000213,0,2020/06/22,15:56:48,000,3
004,001003,0,2020/06/22,15:56:51,000,3
002,000821,0,2020/06/22,15:57:16,000,3
004,000466,0,2020/06/22,15:57:30,000,3
004,001004,0,2020/06/22,15:57:42,000,3
003,000225,1,2020/06/22,15:57:50,000,3
002,000906,0,2020/06/22,15:58:12,000,3
004,000118,0,2020/06/22,15:58:21,000,3
004,000723,0,2020/06/22,15:58:36,000,3
004,000402,0,2020/06/22,15:59:18,000,3
004,000388,0,2020/06/22,15:59:22,000,3
004,000006,0,2020/06/22,16:00:22,000,3
003,000172,1,2020/06/22,16:00:26,000,3
004,000242,0,2020/06/22,16:00:33,000,3
004,000358,0,2020/06/22,16:00:43,000,3
004,000350,0,2020/06/22,16:00:47,000,3
004,001047,0,2020/06/22,16:00:51,000,3
003,000113,1,2020/06/22,16:01:12,000,3
003,000170,1,2020/06/22,16:01:22,000,3
002,000179,0,2020/06/22,16:02:59,000,3
003,000955,1,2020/06/22,16:03:05,000,3
002,000189,0,2020/06/22,16:03:08,000,3
001,000241,1,2020/06/22,16:03:16,000,3
004,000815,0,2020/06/22,16:03:30,000,3
001,000246,1,2020/06/22,16:04:23,000,3
001,000181,1,2020/06/22,16:04:26,000,3
004,000915,0,2020/06/22,16:04:44,000,3
004,000415,0,2020/06/22,16:04:54,000,3
002,000351,0,2020/06/22,16:05:09,000,3
002,000361,0,2020/06/22,16:05:13,000,3
001,000106,1,2020/06/22,16:06:33,000,3
002,000943,0,2020/06/22,16:06:41,000,3
004,000733,0,2020/06/22,16:06:47,000,3
002,000336,0,2020/06/22,16:07:45,000,3
004,000233,0,2020/06/22,16:08:02,000,3
004,000282,0,2020/06/22,16:08:14,000,3
004,000175,0,2020/06/22,16:08:38,000,3
004,000501,0,2020/06/22,16:08:54,000,3
004,000503,0,2020/06/22,16:09:43,000,3
004,000099,0,2020/06/22,16:09:57,000,3
001,000269,1,2020/06/22,16:09:58,000,3
004,000156,0,2020/06/22,16:10:04,000,3
004,000620,0,2020/06/22,16:10:38,000,3
004,000416,0,2020/06/22,16:11:21,000,3
004,000407,0,2020/06/22,16:11:24,000,3
004,000270,0,2020/06/22,16:11:27,000,3
004,000265,0,2020/06/22,16:11:58,000,3
002,000614,0,2020/06/22,16:12:07,000,3
002,000512,0,2020/06/22,16:12:10,000,3
001,001032,1,2020/06/22,16:13:03,000,3
004,000986,0,2020/06/22,16:13:31,000,3
004,000218,0,2020/06/22,16:13:34,000,3
004,000428,0,2020/06/22,16:13:37,000,3
004,000498,0,2020/06/22,16:13:49,000,3
001,000274,1,2020/06/22,16:13:54,000,3
004,000203,0,2020/06/22,16:14:33,000,3
004,000842,0,2020/06/22,16:14:38,000,3
002,000762,0,2020/06/22,16:14:39,000,3
004,000319,0,2020/06/22,16:14:41,000,3
002,000896,0,2020/06/22,16:15:07,000,3
004,000211,0,2020/06/22,16:15:36,000,3
004,000383,0,2020/06/22,16:17:36,000,3
002,000281,0,2020/06/22,16:17:49,000,3
004,000499,0,2020/06/22,16:18:16,000,3
004,000610,0,2020/06/22,16:18:19,000,3
001,000419,1,2020/06/22,16:18:30,000,3
002,000413,0,2020/06/22,16:20:23,000,3
002,000892,0,2020/06/22,16:20:27,000,3
002,000534,0,2020/06/22,16:20:56,000,3
002,000526,0,2020/06/22,16:20:59,000,3
004,000108,0,2020/06/22,16:21:07,000,3
002,000142,0,2020/06/22,16:21:13,000,3
002,000159,0,2020/06/22,16:21:16,000,3
004,000201,0,2020/06/22,16:21:22,000,3
002,000422,0,2020/06/22,16:22:32,000,3
004,000633,0,2020/06/22,16:23:15,000,3
004,000134,0,2020/06/22,16:23:32,000,3
004,000959,0,2020/06/22,16:24:47,000,3
004,000208,0,2020/06/22,16:24:51,000,3
002,000925,0,2020/06/22,16:24:53,000,3
003,000186,1,2020/06/22,16:25:31,000,3
004,000114,0,2020/06/22,16:25:36,000,3
004,000527,0,2020/06/22,16:25:41,000,3
004,001001,0,2020/06/22,16:26:22,000,3
002,000489,0,2020/06/22,16:26:31,000,3
004,000659,0,2020/06/22,16:27:30,000,3
004,000759,0,2020/06/22,16:28:07,000,3
002,000206,0,2020/06/22,16:28:26,000,3
004,000504,0,2020/06/22,16:28:50,000,3
002,000167,0,2020/06/22,16:28:56,000,3
004,000518,0,2020/06/22,16:28:58,000,3
004,000725,0,2020/06/22,16:29:08,000,3
002,000530,0,2020/06/22,16:29:42,000,3
004,000523,0,2020/06/22,16:29:49,000,3
004,000182,0,2020/06/22,16:30:05,000,3
001,000296,1,2020/06/22,16:30:06,000,3
004,000228,0,2020/06/22,16:30:15,000,3
004,000724,0,2020/06/22,16:30:34,000,3
002,000372,0,2020/06/22,16:30:42,000,3
002,000444,0,2020/06/22,16:30:56,000,3
004,000717,0,2020/06/22,16:30:59,000,3
002,000112,0,2020/06/22,16:31:12,000,3
002,000440,0,2020/06/22,16:31:27,000,3
004,000508,0,2020/06/22,16:31:29,000,3
002,000152,0,2020/06/22,16:31:48,000,3
002,000292,0,2020/06/22,16:32:19,000,3
004,000289,0,2020/06/22,16:33:27,000,3
002,000849,0,2020/06/22,16:35:35,000,3
002,000285,0,2020/06/22,16:35:38,000,3
002,000497,0,2020/06/22,16:37:38,000,3
002,000496,0,2020/06/22,16:37:42,000,3
002,000493,0,2020/06/22,16:37:45,000,3
002,000944,0,2020/06/22,16:37:49,000,3
002,000502,0,2020/06/22,16:38:08,000,3
004,000507,0,2020/06/22,16:38:56,000,3
004,000632,0,2020/06/22,16:38:59,000,3
002,000492,0,2020/06/22,16:39:02,000,3
002,000505,0,2020/06/22,16:39:50,000,3
004,000140,0,2020/06/22,16:40:09,000,3
002,000221,0,2020/06/22,16:40:12,000,3
002,000843,0,2020/06/22,16:40:19,000,3
002,000617,0,2020/06/22,16:40:37,000,3
002,000682,0,2020/06/22,16:40:50,000,3
002,000752,0,2020/06/22,16:40:59,000,3
002,000875,0,2020/06/22,16:41:03,000,3
004,000516,0,2020/06/22,16:41:04,000,3
004,000519,0,2020/06/22,16:41:20,000,3
002,000663,0,2020/06/22,16:41:26,000,3
002,000884,0,2020/06/22,16:42:18,000,3
002,000166,0,2020/06/22,16:43:39,000,3
004,000948,0,2020/06/22,16:43:40,000,3
004,000139,0,2020/06/22,16:43:51,000,3
004,000613,0,2020/06/22,16:44:02,000,3
004,000697,0,2020/06/22,16:45:00,000,3
002,000664,0,2020/06/22,16:45:03,000,3
004,001066,0,2020/06/22,16:46:52,000,3
004,001079,0,2020/06/22,16:46:55,000,3
002,000900,0,2020/06/22,16:47:29,000,3
002,000235,0,2020/06/22,16:47:52,000,3
002,000441,0,2020/06/22,16:47:57,000,3
004,000714,0,2020/06/22,16:47:57,000,3
002,000453,0,2020/06/22,16:48:02,000,3
002,000280,0,2020/06/22,16:48:23,000,3
004,001067,0,2020/06/22,16:48:28,000,3
004,001065,0,2020/06/22,16:48:32,000,3
002,000715,0,2020/06/22,16:49:39,000,3
004,000338,0,2020/06/22,16:50:11,000,3
004,001036,0,2020/06/22,16:50:17,000,3
004,000763,0,2020/06/22,16:50:37,000,3
002,000521,0,2020/06/22,16:51:06,000,3
002,000681,0,2020/06/22,16:52:44,000,3
002,000616,0,2020/06/22,16:54:37,000,3
004,000564,0,2020/06/22,16:55:28,000,3
004,000517,0,2020/06/22,16:57:30,000,3
004,000741,0,2020/06/22,16:57:33,000,3
002,000520,0,2020/06/22,16:58:28,000,3
004,000524,0,2020/06/22,17:02:36,000,3
001,000491,1,2020/06/22,17:08:09,000,3
004,000286,0,2020/06/22,17:08:51,000,3
002,000324,0,2020/06/22,17:08:58,000,3
002,000491,0,2020/06/22,17:09:04,000,3
004,000914,0,2020/06/22,17:15:16,000,3
002,000514,0,2020/06/22,17:15:37,000,3
004,000695,0,2020/06/22,17:29:28,000,3
002,000890,0,2020/06/22,17:49:57,000,3
002,000891,0,2020/06/22,17:50:00,000,3
002,001011,0,2020/06/22,17:50:03,000,3
002,000637,0,2020/06/22,17:50:10,000,3
002,000887,0,2020/06/22,17:50:13,000,3
004,001074,0,2020/06/22,18:26:39,000,3
004,000726,0,2020/06/22,18:26:42,000,3
004,000859,0,2020/06/22,18:26:46,000,3
002,000638,0,2020/06/22,18:26:53,000,3
004,001082,0,2020/06/22,18:27:02,000,3
003,000609,1,2020/06/22,18:49:09,000,3
001,000905,1,2020/06/22,19:02:25,000,3
002,000547,0,2020/06/22,19:18:08,000,3
002,000408,0,2020/06/22,19:22:26,000,3
004,001000,0,2020/06/22,19:24:29,000,3
002,001072,0,2020/06/22,19:40:46,000,3
002,000672,0,2020/06/22,19:42:59,000,3
003,000693,1,2020/06/22,19:52:13,000,3
004,000661,0,2020/06/22,19:53:13,000,3
004,000699,0,2020/06/22,19:53:53,000,3
004,000698,0,2020/06/22,19:56:34,000,3
003,000680,1,2020/06/22,20:02:31,000,3
004,000690,0,2020/06/22,20:04:55,000,3
001,000591,1,2020/06/22,20:08:28,000,3
003,000657,1,2020/06/22,20:09:03,000,3
002,000594,0,2020/06/22,20:09:19,000,3
003,000673,1,2020/06/22,20:09:40,000,3
003,000660,1,2020/06/22,20:12:49,000,3
003,000573,1,2020/06/22,21:18:17,000,3
002,000706,0,2020/06/22,21:40:31,000,3
004,000998,0,2020/06/22,21:56:31,000,3
003,000578,1,2020/06/22,22:30:32,000,3
004,001029,0,2020/06/22,22:52:10,000,3
003,000577,1,2020/06/22,22:56:50,000,3
003,000685,1,2020/06/22,22:58:53,000,3
003,000583,1,2020/06/22,22:58:57,000,3
003,000550,1,2020/06/22,22:59:00,000,3
003,000604,1,2020/06/22,22:59:04,000,3
004,000302,0,2020/06/22,23:00:24,000,3
004,000623,0,2020/06/22,23:01:06,000,3
004,000579,0,2020/06/22,23:01:50,000,3
004,000907,0,2020/06/22,23:02:28,000,3
004,001070,0,2020/06/22,23:04:40,000,3
002,000903,0,2020/06/22,23:05:22,000,3
004,000605,0,2020/06/22,23:06:18,000,3
004,001071,0,2020/06/22,23:06:50,000,3
004,000576,0,2020/06/22,23:06:56,000,3
004,000621,0,2020/06/22,23:08:46,000,3
004,001081,0,2020/06/22,23:08:56,000,3
004,000770,0,2020/06/22,23:09:35,000,3
001,000587,1,2020/06/22,23:13:56,000,3
002,000570,0,2020/06/22,23:14:22,000,3
002,000709,0,2020/06/22,23:16:35,000,3
004,000541,0,2020/06/22,23:17:21,000,3
004,000904,0,2020/06/22,23:17:55,000,3
003,000607,1,2020/06/22,23:18:16,000,3
002,000262,0,2020/06/22,23:25:26,000,3
004,000942,0,2020/06/22,23:25:40,000,3
002,000275,0,2020/06/22,23:26:53,000,3
004,000164,0,2020/06/22,23:38:36,000,3
001,000636,1,2020/06/23,05:23:58,000,3
001,000624,1,2020/06/23,05:24:03,000,3
001,000635,1,2020/06/23,05:24:06,000,3
001,000625,1,2020/06/23,05:24:10,000,3
001,000630,1,2020/06/23,05:24:14,000,3
001,001010,1,2020/06/23,05:24:18,000,3
001,000640,1,2020/06/23,05:59:44,000,3
003,000565,1,2020/06/23,06:03:48,000,3
003,000571,1,2020/06/23,06:20:51,000,3
003,001076,1,2020/06/23,06:31:30,000,3
001,000557,1,2020/06/23,06:37:40,000,3
003,000893,1,2020/06/23,06:43:39,000,3
003,000569,1,2020/06/23,06:45:02,000,3
003,000554,1,2020/06/23,06:45:05,000,3
003,000777,1,2020/06/23,06:47:18,000,3
003,001077,1,2020/06/23,06:49:34,000,3
001,001069,1,2020/06/23,06:49:46,000,3
003,000562,1,2020/06/23,06:51:13,000,3
003,000704,1,2020/06/23,06:51:17,000,3
003,000301,1,2020/06/23,06:52:00,000,3
003,000758,1,2020/06/23,06:52:30,000,3
004,000604,0,2020/06/23,06:53:35,000,3
003,000543,1,2020/06/23,06:57:35,000,3
003,000867,1,2020/06/23,06:57:38,000,3
003,000552,1,2020/06/23,06:57:43,000,3
003,000567,1,2020/06/23,06:58:16,000,3
001,000547,1,2020/06/23,06:59:18,000,3
001,000499,1,2020/06/23,06:59:22,000,3
002,000685,0,2020/06/23,07:00:53,000,3
004,000577,0,2020/06/23,07:02:02,000,3
004,000550,0,2020/06/23,07:02:19,000,3
003,000774,1,2020/06/23,07:02:40,000,3
001,000548,1,2020/06/23,07:02:44,000,3
003,000868,1,2020/06/23,07:03:30,000,3
003,000549,1,2020/06/23,07:03:36,000,3
001,000546,1,2020/06/23,07:03:48,000,3
004,000607,0,2020/06/23,07:04:21,000,3
003,000551,1,2020/06/23,07:05:11,000,3
002,000419,0,2020/06/23,07:06:21,000,3
001,001068,1,2020/06/23,07:06:59,000,3
003,000536,1,2020/06/23,07:07:44,000,3
003,000545,1,2020/06/23,07:07:50,000,3
003,000466,1,2020/06/23,07:08:28,000,3
003,000717,1,2020/06/23,07:09:23,000,3
001,000771,1,2020/06/23,07:10:00,000,3
001,001072,1,2020/06/23,07:10:04,000,3
003,000568,1,2020/06/23,07:10:32,000,3
004,000583,0,2020/06/23,07:10:52,000,3
004,000578,0,2020/06/23,07:11:43,000,3
004,000573,0,2020/06/23,07:11:49,000,3
003,001075,1,2020/06/23,07:11:50,000,3
003,000581,1,2020/06/23,07:13:21,000,3
003,001073,1,2020/06/23,07:14:53,000,3
003,000608,1,2020/06/23,07:15:33,000,3
003,000850,1,2020/06/23,07:15:37,000,3
003,000588,1,2020/06/23,07:17:21,000,3
003,000574,1,2020/06/23,07:20:57,000,3
003,000775,1,2020/06/23,07:22:47,000,3
004,000609,0,2020/06/23,07:22:59,000,3
004,000710,0,2020/06/23,07:23:05,000,3
003,000855,1,2020/06/23,07:25:07,000,3
003,000564,1,2020/06/23,07:25:10,000,3
003,000559,1,2020/06/23,07:27:40,000,3
004,000397,0,2020/06/23,07:29:19,000,3
001,000279,1,2020/06/23,07:31:08,000,3
003,000528,1,2020/06/23,07:37:50,000,3
003,000175,1,2020/06/23,07:38:35,000,3
001,000530,1,2020/06/23,07:38:58,000,3
001,000507,1,2020/06/23,07:39:01,000,3
003,000726,1,2020/06/23,07:40:17,000,3
003,000381,1,2020/06/23,07:40:21,000,3
003,000823,1,2020/06/23,07:40:53,000,3
003,000502,1,2020/06/23,07:42:58,000,3
003,000519,1,2020/06/23,07:43:02,000,3
003,000723,1,2020/06/23,07:43:05,000,3
003,000449,1,2020/06/23,07:43:09,000,3
003,000778,1,2020/06/23,07:43:45,000,3
003,000469,1,2020/06/23,07:43:49,000,3
001,000307,1,2020/06/23,07:43:50,000,3
003,000315,1,2020/06/23,07:43:52,000,3
001,000493,1,2020/06/23,07:44:18,000,3
004,000673,0,2020/06/23,07:45:48,000,3
003,000011,1,2020/06/23,07:45:52,000,3
001,000184,1,2020/06/23,07:46:07,000,3
001,000491,1,2020/06/23,07:46:21,000,3
003,000724,1,2020/06/23,07:46:30,000,3
003,000523,1,2020/06/23,07:46:33,000,3
001,000715,1,2020/06/23,07:47:12,000,3
001,000944,1,2020/06/23,07:47:15,000,3
003,000265,1,2020/06/23,07:47:28,000,3
003,000699,1,2020/06/23,07:47:31,000,3
003,000697,1,2020/06/23,07:47:35,000,3
001,000505,1,2020/06/23,07:48:10,000,3
003,000140,1,2020/06/23,07:48:48,000,3
003,000268,1,2020/06/23,07:48:52,000,3
003,000182,1,2020/06/23,07:48:55,000,3
003,000295,1,2020/06/23,07:48:59,000,3
003,000008,1,2020/06/23,07:49:02,000,3
003,000405,1,2020/06/23,07:49:09,000,3
001,000152,1,2020/06/23,07:49:10,000,3
003,000005,1,2020/06/23,07:49:13,000,3
004,000905,0,2020/06/23,07:49:19,000,3
001,000217,1,2020/06/23,07:49:30,000,3
004,000782,0,2020/06/23,07:49:40,000,3
001,000372,1,2020/06/23,07:49:51,000,3
003,001004,1,2020/06/23,07:50:15,000,3
003,001034,1,2020/06/23,07:50:19,000,3
003,000015,1,2020/06/23,07:50:31,000,3
003,000953,1,2020/06/23,07:50:38,000,3
003,000156,1,2020/06/23,07:50:52,000,3
003,000429,1,2020/06/23,07:50:56,000,3
001,000166,1,2020/06/23,07:51:00,000,3
001,000310,1,2020/06/23,07:51:43,000,3
003,000208,1,2020/06/23,07:51:51,000,3
003,000285,1,2020/06/23,07:51:55,000,3
001,000741,1,2020/06/23,07:52:14,000,3
001,000517,1,2020/06/23,07:52:18,000,3
003,000566,1,2020/06/23,07:52:59,000,3
002,000587,0,2020/06/23,07:53:05,000,3
003,001065,1,2020/06/23,07:53:23,000,3
003,001079,1,2020/06/23,07:53:26,000,3
003,000504,1,2020/06/23,07:53:29,000,3
003,000200,1,2020/06/23,07:53:34,000,3
003,000518,1,2020/06/23,07:53:41,000,3
003,000503,1,2020/06/23,07:53:48,000,3
003,000986,1,2020/06/23,07:53:52,000,3
001,000756,1,2020/06/23,07:54:01,000,3
003,000526,1,2020/06/23,07:54:03,000,3
001,000682,1,2020/06/23,07:54:24,000,3
001,000501,1,2020/06/23,07:54:37,000,3
003,000817,1,2020/06/23,07:54:41,000,3
001,000603,1,2020/06/23,07:54:44,000,3
001,000521,1,2020/06/23,07:54:47,000,3
001,000303,1,2020/06/23,07:54:55,000,3
002,000417,0,2020/06/23,07:54:57,000,3
001,000594,1,2020/06/23,07:54:59,000,3
002,000314,0,2020/06/23,07:55:00,000,3
001,000159,1,2020/06/23,07:55:03,000,3
004,000657,0,2020/06/23,07:55:06,000,3
003,000384,1,2020/06/23,07:55:22,000,3
003,000115,1,2020/06/23,07:55:25,000,3
003,000458,1,2020/06/23,07:55:30,000,3
002,000591,0,2020/06/23,07:55:44,000,3
001,000134,1,2020/06/23,07:55:52,000,3
001,000142,1,2020/06/23,07:56:05,000,3
001,000296,1,2020/06/23,07:56:18,000,3
001,000656,1,2020/06/23,07:56:52,000,3
001,000312,1,2020/06/23,07:56:56,000,3
003,000242,1,2020/06/23,07:57:08,000,3
001,000900,1,2020/06/23,07:57:09,000,3
001,000119,1,2020/06/23,07:57:14,000,3
003,001028,1,2020/06/23,07:57:16,000,3
001,000336,1,2020/06/23,07:57:30,000,3
003,000527,1,2020/06/23,07:57:47,000,3
003,000211,1,2020/06/23,07:58:03,000,3
001,000497,1,2020/06/23,07:58:03,000,3
001,000510,1,2020/06/23,07:58:07,000,3
001,000496,1,2020/06/23,07:58:10,000,3
004,000232,0,2020/06/23,07:58:12,000,3
001,000428,1,2020/06/23,07:58:13,000,3
001,000150,1,2020/06/23,07:58:20,000,3
003,000529,1,2020/06/23,07:58:21,000,3
001,000402,1,2020/06/23,07:58:29,000,3
001,000179,1,2020/06/23,07:58:39,000,3
001,000747,1,2020/06/23,07:58:44,000,3
001,000714,1,2020/06/23,07:58:50,000,3
001,000681,1,2020/06/23,07:58:54,000,3
003,000695,1,2020/06/23,07:59:08,000,3
003,000403,1,2020/06/23,07:59:12,000,3
001,001032,1,2020/06/23,07:59:22,000,3
003,000366,1,2020/06/23,07:59:28,000,3
003,000356,1,2020/06/23,07:59:32,000,3
003,000096,1,2020/06/23,07:59:35,000,3
003,000097,1,2020/06/23,07:59:39,000,3
001,000663,1,2020/06/23,07:59:40,000,3
001,000424,1,2020/06/23,07:59:45,000,3
003,000915,1,2020/06/23,07:59:48,000,3
003,000195,1,2020/06/23,07:59:51,000,3
004,000680,0,2020/06/23,07:59:54,000,3
003,000154,1,2020/06/23,08:00:01,000,3
001,000875,1,2020/06/23,08:00:07,000,3
003,000018,1,2020/06/23,08:00:08,000,3
001,000206,1,2020/06/23,08:00:17,000,3
001,000613,1,2020/06/23,08:00:20,000,3
003,000006,1,2020/06/23,08:00:31,000,3
001,000207,1,2020/06/23,08:00:31,000,3
001,000762,1,2020/06/23,08:00:35,000,3
001,000373,1,2020/06/23,08:01:02,000,3
001,000849,1,2020/06/23,08:01:06,000,3
003,000254,1,2020/06/23,08:01:37,000,3
003,000960,1,2020/06/23,08:01:41,000,3
003,000124,1,2020/06/23,08:01:51,000,3
003,001050,1,2020/06/23,08:01:57,000,3
003,000017,1,2020/06/23,08:02:01,000,3
003,000815,1,2020/06/23,08:02:13,000,3
003,000282,1,2020/06/23,08:02:17,000,3
001,000434,1,2020/06/23,08:02:21,000,3
003,000130,1,2020/06/23,08:02:26,000,3
003,000620,1,2020/06/23,08:02:31,000,3
003,000725,1,2020/06/23,08:02:35,000,3
003,000949,1,2020/06/23,08:02:39,000,3
001,000453,1,2020/06/23,08:02:41,000,3
003,000138,1,2020/06/23,08:02:42,000,3
003,001064,1,2020/06/23,08:02:45,000,3
001,000869,1,2020/06/23,08:02:47,000,3
003,000407,1,2020/06/23,08:02:48,000,3
003,000879,1,2020/06/23,08:02:52,000,3
003,000667,1,2020/06/23,08:03:03,000,3
004,000012,0,2020/06/23,08:03:21,000,3
001,000444,1,2020/06/23,08:03:36,000,3
003,000118,1,2020/06/23,08:03:38,000,3
001,000520,1,2020/06/23,08:03:40,000,3
003,000099,1,2020/06/23,08:03:42,000,3
003,001001,1,2020/06/23,08:03:46,000,3
003,000201,1,2020/06/23,08:03:51,000,3
003,000633,1,2020/06/23,08:03:54,000,3
003,000319,1,2020/06/23,08:03:57,000,3
003,000842,1,2020/06/23,08:04:01,000,3
001,000120,1,2020/06/23,08:04:09,000,3
001,000664,1,2020/06/23,08:04:17,000,3
003,001030,1,2020/06/23,08:04:20,000,3
001,000614,1,2020/06/23,08:04:28,000,3
001,000906,1,2020/06/23,08:04:32,000,3
004,000660,0,2020/06/23,08:04:40,000,3
003,000260,1,2020/06/23,08:04:42,000,3
003,000233,1,2020/06/23,08:04:46,000,3
004,000323,0,2020/06/23,08:04:56,000,3
001,000632,1,2020/06/23,08:04:57,000,3
003,000524,1,2020/06/23,08:05:04,000,3
001,000215,1,2020/06/23,08:05:07,000,3
001,000925,1,2020/06/23,08:05:10,000,3
001,000821,1,2020/06/23,08:05:13,000,3
003,000618,1,2020/06/23,08:05:27,000,3
001,000280,1,2020/06/23,08:05:35,000,3
003,001066,1,2020/06/23,08:05:35,000,3
001,000514,1,2020/06/23,08:05:52,000,3
003,000108,1,2020/06/23,08:06:00,000,3
001,000896,1,2020/06/23,08:06:21,000,3
001,000348,1,2020/06/23,08:06:32,000,3
003,000659,1,2020/06/23,08:06:45,000,3
001,000286,1,2020/06/23,08:06:50,000,3
001,000288,1,2020/06/23,08:06:59,000,3
001,000999,1,2020/06/23,08:07:32,000,3
001,000441,1,2020/06/23,08:07:52,000,3
003,000104,1,2020/06/23,08:07:53,000,3
003,000338,1,2020/06/23,08:07:56,000,3
001,000189,1,2020/06/23,08:08:04,000,3
003,000216,1,2020/06/23,08:08:08,000,3
003,000111,1,2020/06/23,08:08:16,000,3
001,000478,1,2020/06/23,08:08:17,000,3
003,000100,1,2020/06/23,08:08:37,000,3
001,000943,1,2020/06/23,08:08:45,000,3
001,000235,1,2020/06/23,08:08:55,000,3
003,000610,1,2020/06/23,08:09:00,000,3
001,000221,1,2020/06/23,08:09:08,000,3
001,000228,1,2020/06/23,08:09:11,000,3
003,000010,1,2020/06/23,08:09:12,000,3
001,000498,1,2020/06/23,08:09:21,000,3
003,001003,1,2020/06/23,08:09:38,000,3
001,000692,1,2020/06/23,08:09:39,000,3
001,000009,1,2020/06/23,08:09:42,000,3
001,000213,1,2020/06/23,08:09:55,000,3
001,000440,1,2020/06/23,08:10:05,000,3
003,000340,1,2020/06/23,08:10:19,000,3
003,000763,1,2020/06/23,08:10:57,000,3
001,000899,1,2020/06/23,08:11:00,000,3
001,000343,1,2020/06/23,08:11:03,000,3
003,000516,1,2020/06/23,08:11:10,000,3
003,000243,1,2020/06/23,08:11:15,000,3
003,000188,1,2020/06/23,08:11:31,000,3
001,000512,1,2020/06/23,08:11:32,000,3
001,000139,1,2020/06/23,08:11:54,000,3
004,000783,0,2020/06/23,08:12:18,000,3
003,001082,1,2020/06/23,08:12:25,000,3
001,000884,1,2020/06/23,08:12:26,000,3
004,000283,0,2020/06/23,08:12:31,000,3
003,000218,1,2020/06/23,08:12:33,000,3
003,000198,1,2020/06/23,08:12:49,000,3
001,000834,1,2020/06/23,08:13:06,000,3
003,000611,1,2020/06/23,08:13:21,000,3
003,000830,1,2020/06/23,08:13:32,000,3
001,000112,1,2020/06/23,08:13:34,000,3
001,000324,1,2020/06/23,08:13:37,000,3
003,000677,1,2020/06/23,08:13:38,000,3
003,000841,1,2020/06/23,08:13:45,000,3
003,000761,1,2020/06/23,08:13:53,000,3
004,001061,0,2020/06/23,08:14:14,000,3
003,000921,1,2020/06/23,08:14:24,000,3
001,000872,1,2020/06/23,08:14:35,000,3
001,001047,1,2020/06/23,08:14:44,000,3
003,001036,1,2020/06/23,08:15:11,000,3
002,000144,0,2020/06/23,08:15:13,000,3
001,000379,1,2020/06/23,08:15:31,000,3
001,000492,1,2020/06/23,08:15:41,000,3
001,000368,1,2020/06/23,08:16:29,000,3
001,000364,1,2020/06/23,08:16:33,000,3
004,000693,0,2020/06/23,08:16:37,000,3
001,000508,1,2020/06/23,08:16:43,000,3
003,000733,1,2020/06/23,08:16:54,000,3
001,000365,1,2020/06/23,08:18:36,000,3
001,000367,1,2020/06/23,08:18:39,000,3
004,000113,0,2020/06/23,08:18:42,000,3
003,000415,1,2020/06/23,08:21:32,000,3
001,000114,1,2020/06/23,08:22:33,000,3
002,000743,0,2020/06/23,08:22:47,000,3
001,000382,1,2020/06/23,08:23:32,000,3
004,000172,0,2020/06/23,08:23:40,000,3
001,000914,1,2020/06/23,08:23:42,000,3
001,000167,1,2020/06/23,08:24:10,000,3
001,000361,1,2020/06/23,08:24:53,000,3
004,000294,0,2020/06/23,08:25:00,000,3
004,001062,0,2020/06/23,08:25:04,000,3
001,000351,1,2020/06/23,08:25:13,000,3
001,000309,1,2020/06/23,08:26:03,000,3
003,000954,1,2020/06/23,08:27:15,000,3
003,000515,1,2020/06/23,08:27:22,000,3
004,000360,0,2020/06/23,08:27:57,000,3
004,000955,0,2020/06/23,08:28:23,000,3
004,000255,0,2020/06/23,08:29:24,000,3
004,000870,0,2020/06/23,08:29:34,000,3
002,000241,0,2020/06/23,08:30:07,000,3
004,000269,0,2020/06/23,08:30:08,000,3
004,000225,0,2020/06/23,08:30:17,000,3
004,000223,0,2020/06/23,08:30:55,000,3
004,000785,0,2020/06/23,08:30:58,000,3
004,000387,0,2020/06/23,08:31:01,000,3
004,000827,0,2020/06/23,08:32:00,000,3
004,000219,0,2020/06/23,08:32:06,000,3
004,000205,0,2020/06/23,08:32:10,000,3
004,000170,0,2020/06/23,08:32:30,000,3
004,000807,0,2020/06/23,08:32:50,000,3
002,000158,0,2020/06/23,08:33:19,000,3
002,000246,0,2020/06/23,08:33:53,000,3
002,000106,0,2020/06/23,08:35:08,000,3
002,000345,0,2020/06/23,08:35:24,000,3
002,000234,0,2020/06/23,08:35:42,000,3
002,000181,0,2020/06/23,08:37:23,000,3
003,000350,1,2020/06/23,08:38:14,000,3
003,000358,1,2020/06/23,08:38:17,000,3
004,000734,0,2020/06/23,08:40:13,000,3
004,000004,0,2020/06/23,08:40:17,000,3
004,001052,0,2020/06/23,08:41:10,000,3
004,001035,0,2020/06/23,08:41:14,000,3
001,000422,1,2020/06/23,08:48:39,000,3
001,001067,1,2020/06/23,09:02:01,000,3
002,000737,0,2020/06/23,09:03:25,000,3
002,000155,0,2020/06/23,09:03:29,000,3
001,000540,1,2020/06/23,09:20:26,000,3
001,000892,1,2020/06/23,09:29:55,000,3
004,000559,0,2020/06/23,09:40:17,000,3
003,001078,1,2020/06/23,09:55:29,000,3
001,000639,1,2020/06/23,09:56:08,000,3
001,000638,1,2020/06/23,09:56:12,000,3
001,000890,1,2020/06/23,09:56:15,000,3
001,000888,1,2020/06/23,09:56:18,000,3
001,000887,1,2020/06/23,10:00:53,000,3
001,000637,1,2020/06/23,10:02:36,000,3
001,000886,1,2020/06/23,10:02:40,000,3
001,000891,1,2020/06/23,10:02:43,000,3
001,001011,1,2020/06/23,10:02:46,000,3
003,001080,1,2020/06/23,10:03:20,000,3
001,000489,1,2020/06/23,10:24:02,000,3
004,000611,0,2020/06/23,12:28:43,000,3
004,000188,0,2020/06/23,13:45:32,000,3
003,000570,1,2020/06/23,13:51:45,000,3
002,000640,0,2020/06/23,13:53:46,000,3
004,000581,0,2020/06/23,14:04:22,000,3
003,001029,1,2020/06/23,14:06:25,000,3
002,001010,0,2020/06/23,14:08:58,000,3
002,000625,0,2020/06/23,14:09:02,000,3
002,000630,0,2020/06/23,14:09:05,000,3
004,000834,0,2020/06/23,14:12:54,000,3
002,000636,0,2020/06/23,14:25:34,000,3
002,000624,0,2020/06/23,14:25:38,000,3
002,000635,0,2020/06/23,14:25:41,000,3
002,000120,0,2020/06/23,14:28:14,000,3
001,000706,1,2020/06/23,14:31:19,000,3
002,000953,0,2020/06/23,14:34:04,000,3
003,000605,1,2020/06/23,14:37:16,000,3
004,000589,0,2020/06/23,14:44:29,000,3
001,000709,1,2020/06/23,14:47:15,000,3
003,000245,1,2020/06/23,14:47:31,000,3
003,000579,1,2020/06/23,14:48:18,000,3
004,000850,0,2020/06/23,14:48:45,000,3
003,000907,1,2020/06/23,14:50:35,000,3
003,000623,1,2020/06/23,14:52:16,000,3
003,000541,1,2020/06/23,14:53:13,000,3
002,000868,0,2020/06/23,14:56:12,000,3
001,000406,1,2020/06/23,14:56:46,000,3
003,001071,1,2020/06/23,14:57:28,000,3
003,000576,1,2020/06/23,14:57:31,000,3
003,000770,1,2020/06/23,14:58:12,000,3
003,001070,1,2020/06/23,14:58:29,000,3
004,000552,0,2020/06/23,14:58:32,000,3
002,001068,0,2020/06/23,14:59:37,000,3
003,001081,1,2020/06/23,15:01:15,000,3
002,001072,0,2020/06/23,15:01:23,000,3
003,000302,1,2020/06/23,15:01:41,000,3
004,000540,0,2020/06/23,15:02:07,000,3
004,000567,0,2020/06/23,15:02:17,000,3
002,000545,0,2020/06/23,15:03:06,000,3
002,000571,0,2020/06/23,15:03:17,000,3
004,000855,0,2020/06/23,15:03:54,000,3
004,001077,0,2020/06/23,15:04:57,000,3
001,000903,1,2020/06/23,15:05:05,000,3
002,000758,0,2020/06/23,15:05:08,000,3
004,000536,0,2020/06/23,15:05:44,000,3
002,000557,0,2020/06/23,15:06:08,000,3
002,000546,0,2020/06/23,15:06:26,000,3
004,000893,0,2020/06/23,15:06:46,000,3
004,001073,0,2020/06/23,15:07:16,000,3
004,000608,0,2020/06/23,15:07:27,000,3
004,000189,0,2020/06/23,15:07:46,000,3
004,000565,0,2020/06/23,15:08:47,000,3
004,000554,0,2020/06/23,15:09:03,000,3
002,000548,0,2020/06/23,15:09:11,000,3
002,001028,0,2020/06/23,15:09:48,000,3
002,000301,0,2020/06/23,15:10:35,000,3
002,001069,0,2020/06/23,15:11:04,000,3
002,000558,0,2020/06/23,15:11:08,000,3
004,000568,0,2020/06/23,15:12:00,000,3
002,000543,0,2020/06/23,15:12:27,000,3
004,000574,0,2020/06/23,15:12:56,000,3
004,000549,0,2020/06/23,15:14:45,000,3
004,000551,0,2020/06/23,15:15:03,000,3
004,000569,0,2020/06/23,15:15:10,000,3
004,000867,0,2020/06/23,15:18:21,000,3
004,001076,0,2020/06/23,15:20:00,000,3
004,001075,0,2020/06/23,15:20:04,000,3
004,000562,0,2020/06/23,15:21:46,000,3
003,000904,1,2020/06/23,15:23:10,000,3
002,000823,0,2020/06/23,15:23:19,000,3
003,000305,1,2020/06/23,15:28:40,000,3
002,000320,0,2020/06/23,15:30:33,000,3
004,000761,0,2020/06/23,15:32:56,000,3
003,000749,1,2020/06/23,15:33:06,000,3
003,000621,1,2020/06/23,15:37:09,000,3
003,000654,1,2020/06/23,15:38:29,000,3
004,000775,0,2020/06/23,15:38:55,000,3
003,000897,1,2020/06/23,15:40:34,000,3
003,001031,1,2020/06/23,15:40:37,000,3
002,000312,0,2020/06/23,15:42:06,000,3
002,000367,0,2020/06/23,15:43:20,000,3
002,000365,0,2020/06/23,15:43:23,000,3
002,000351,0,2020/06/23,15:43:26,000,3
002,000309,0,2020/06/23,15:43:34,000,3
002,000872,0,2020/06/23,15:44:16,000,3
002,000343,0,2020/06/23,15:45:19,000,3
004,000015,0,2020/06/23,15:46:51,000,3
002,000348,0,2020/06/23,15:47:03,000,3
004,000260,0,2020/06/23,15:47:13,000,3
002,000307,0,2020/06/23,15:47:14,000,3
001,001021,1,2020/06/23,15:47:59,000,3
003,000416,1,2020/06/23,15:48:00,000,3
001,000264,1,2020/06/23,15:48:07,000,3
003,001053,1,2020/06/23,15:48:16,000,3
002,000366,0,2020/06/23,15:49:08,000,3
002,000356,0,2020/06/23,15:49:12,000,3
003,000825,1,2020/06/23,15:49:23,000,3
003,000247,1,2020/06/23,15:49:27,000,3
003,000831,1,2020/06/23,15:49:52,000,3
004,000008,0,2020/06/23,15:50:16,000,3
004,000010,0,2020/06/23,15:50:56,000,3
004,000018,0,2020/06/23,15:51:23,000,3
001,000261,1,2020/06/23,15:51:52,000,3
004,000699,0,2020/06/23,15:51:55,000,3
004,000295,0,2020/06/23,15:52:29,000,3
003,000270,1,2020/06/23,15:53:02,000,3
004,000118,0,2020/06/23,15:53:03,000,3
004,000182,0,2020/06/23,15:53:11,000,3
004,000704,0,2020/06/23,15:53:25,000,3
002,000213,0,2020/06/23,15:53:28,000,3
004,000723,0,2020/06/23,15:53:40,000,3
004,000449,0,2020/06/23,15:53:43,000,3
004,000100,0,2020/06/23,15:53:49,000,3
001,000161,1,2020/06/23,15:53:54,000,3
004,000140,0,2020/06/23,15:54:25,000,3
004,000216,0,2020/06/23,15:54:41,000,3
004,000268,0,2020/06/23,15:55:05,000,3
001,000148,1,2020/06/23,15:55:21,000,3
004,000006,0,2020/06/23,15:55:32,000,3
002,000336,0,2020/06/23,15:56:38,000,3
002,000364,0,2020/06/23,15:57:04,000,3
002,000368,0,2020/06/23,15:57:07,000,3
001,000818,1,2020/06/23,15:57:14,000,3
004,000466,0,2020/06/23,15:57:20,000,3
003,001019,1,2020/06/23,15:57:20,000,3
003,000759,1,2020/06/23,15:57:31,000,3
004,000906,0,2020/06/23,15:57:33,000,3
002,000108,0,2020/06/23,15:57:44,000,3
004,000005,0,2020/06/23,15:58:07,000,3
001,000752,1,2020/06/23,15:58:45,000,3
004,001003,0,2020/06/23,15:58:47,000,3
004,000319,0,2020/06/23,15:59:03,000,3
003,000123,1,2020/06/23,15:59:12,000,3
004,000097,0,2020/06/23,15:59:24,000,3
001,000292,1,2020/06/23,16:00:05,000,3
004,000943,0,2020/06/23,16:00:07,000,3
004,000458,0,2020/06/23,16:00:44,000,3
003,000355,1,2020/06/23,16:01:10,000,3
004,000218,0,2020/06/23,16:01:31,000,3
004,000986,0,2020/06/23,16:01:35,000,3
003,000203,1,2020/06/23,16:01:47,000,3
002,000310,0,2020/06/23,16:01:52,000,3
004,000501,0,2020/06/23,16:02:32,000,3
002,000424,0,2020/06/23,16:02:33,000,3
004,000534,0,2020/06/23,16:02:51,000,3
004,000526,0,2020/06/23,16:02:54,000,3
004,000350,0,2020/06/23,16:03:31,000,3
004,000358,0,2020/06/23,16:03:34,000,3
002,000402,0,2020/06/23,16:05:04,000,3
002,000379,0,2020/06/23,16:05:07,000,3
003,000862,1,2020/06/23,16:05:16,000,3
004,000960,0,2020/06/23,16:05:45,000,3
004,000817,0,2020/06/23,16:05:55,000,3
004,000407,0,2020/06/23,16:05:58,000,3
003,000101,1,2020/06/23,16:06:18,000,3
004,000243,0,2020/06/23,16:07:28,000,3
004,000154,0,2020/06/23,16:08:28,000,3
002,000884,0,2020/06/23,16:08:54,000,3
002,000899,0,2020/06/23,16:09:04,000,3
001,000948,1,2020/06/23,16:09:08,000,3
004,000111,0,2020/06/23,16:09:18,000,3
004,000238,0,2020/06/23,16:09:21,000,3
004,000099,0,2020/06/23,16:09:34,000,3
004,000842,0,2020/06/23,16:09:52,000,3
004,000233,0,2020/06/23,16:10:10,000,3
004,000815,0,2020/06/23,16:10:26,000,3
004,000996,0,2020/06/23,16:10:36,000,3
004,000114,0,2020/06/23,16:10:41,000,3
004,000469,0,2020/06/23,16:11:56,000,3
004,000201,0,2020/06/23,16:13:15,000,3
004,000507,0,2020/06/23,16:13:36,000,3
002,001032,0,2020/06/23,16:13:40,000,3
002,000762,0,2020/06/23,16:13:53,000,3
002,000361,0,2020/06/23,16:13:57,000,3
002,000422,0,2020/06/23,16:14:09,000,3
004,000134,0,2020/06/23,16:15:04,000,3
004,000499,0,2020/06/23,16:15:09,000,3
002,000896,0,2020/06/23,16:15:09,000,3
004,000610,0,2020/06/23,16:15:12,000,3
004,001030,0,2020/06/23,16:15:58,000,3
004,000383,0,2020/06/23,16:16:50,000,3
004,000288,0,2020/06/23,16:17:21,000,3
004,000124,0,2020/06/23,16:17:57,000,3
002,000179,0,2020/06/23,16:18:17,000,3
004,000254,0,2020/06/23,16:18:23,000,3
004,001037,0,2020/06/23,16:19:24,000,3
004,000282,0,2020/06/23,16:19:29,000,3
002,000296,0,2020/06/23,16:19:33,000,3
001,000128,1,2020/06/23,16:20:29,000,3
004,001036,0,2020/06/23,16:20:54,000,3
004,000115,0,2020/06/23,16:21:43,000,3
002,000180,0,2020/06/23,16:22:12,000,3
002,000221,0,2020/06/23,16:22:21,000,3
002,000747,0,2020/06/23,16:22:24,000,3
004,000211,0,2020/06/23,16:24:34,000,3
002,000112,0,2020/06/23,16:25:20,000,3
004,000519,0,2020/06/23,16:25:44,000,3
002,000892,0,2020/06/23,16:25:51,000,3
002,000235,0,2020/06/23,16:26:14,000,3
002,000377,0,2020/06/23,16:26:41,000,3
002,000505,0,2020/06/23,16:27:12,000,3
004,000503,0,2020/06/23,16:27:55,000,3
002,000166,0,2020/06/23,16:28:22,000,3
002,000925,0,2020/06/23,16:29:02,000,3
004,000725,0,2020/06/23,16:29:16,000,3
002,000280,0,2020/06/23,16:29:22,000,3
002,000692,0,2020/06/23,16:29:25,000,3
004,000523,0,2020/06/23,16:29:37,000,3
004,001034,0,2020/06/23,16:30:08,000,3
004,000195,0,2020/06/23,16:30:15,000,3
004,000724,0,2020/06/23,16:30:36,000,3
004,000518,0,2020/06/23,16:30:39,000,3
004,000633,0,2020/06/23,16:30:45,000,3
004,000717,0,2020/06/23,16:30:49,000,3
002,000875,0,2020/06/23,16:30:54,000,3
002,000440,0,2020/06/23,16:30:57,000,3
002,000152,0,2020/06/23,16:31:07,000,3
002,000285,0,2020/06/23,16:31:10,000,3
002,000206,0,2020/06/23,16:31:17,000,3
004,000242,0,2020/06/23,16:32:00,000,3
002,000413,0,2020/06/23,16:32:25,000,3
002,000277,0,2020/06/23,16:32:43,000,3
002,000530,0,2020/06/23,16:32:49,000,3
002,000714,0,2020/06/23,16:33:09,000,3
004,000763,0,2020/06/23,16:34:44,000,3
004,000921,0,2020/06/23,16:34:49,000,3
002,000879,0,2020/06/23,16:35:55,000,3
002,000372,0,2020/06/23,16:36:35,000,3
002,000849,0,2020/06/23,16:37:33,000,3
002,000184,0,2020/06/23,16:39:08,000,3
002,000497,0,2020/06/23,16:39:23,000,3
002,000496,0,2020/06/23,16:39:31,000,3
003,000473,1,2020/06/23,16:39:42,000,3
004,000529,0,2020/06/23,16:40:29,000,3
001,000492,1,2020/06/23,16:40:32,000,3
004,000510,0,2020/06/23,16:40:35,000,3
004,000632,0,2020/06/23,16:40:38,000,3
004,000614,0,2020/06/23,16:40:42,000,3
004,000498,0,2020/06/23,16:40:48,000,3
002,000493,0,2020/06/23,16:41:21,000,3
002,000508,0,2020/06/23,16:41:29,000,3
002,000944,0,2020/06/23,16:41:33,000,3
002,000492,0,2020/06/23,16:41:37,000,3
004,000338,0,2020/06/23,16:41:45,000,3
004,001001,0,2020/06/23,16:42:04,000,3
004,000516,0,2020/06/23,16:42:12,000,3
002,000489,0,2020/06/23,16:45:21,000,3
004,000528,0,2020/06/23,16:45:32,000,3
004,000613,0,2020/06/23,16:45:35,000,3
002,000664,0,2020/06/23,16:46:21,000,3
002,000843,0,2020/06/23,16:46:42,000,3
002,000900,0,2020/06/23,16:47:07,000,3
002,000453,0,2020/06/23,16:47:59,000,3
002,000150,0,2020/06/23,16:48:28,000,3
002,000524,0,2020/06/23,16:48:52,000,3
002,000681,0,2020/06/23,16:48:56,000,3
002,000521,0,2020/06/23,16:48:59,000,3
004,001079,0,2020/06/23,16:49:16,000,3
004,001066,0,2020/06/23,16:49:19,000,3
002,000682,0,2020/06/23,16:49:37,000,3
002,000663,0,2020/06/23,16:49:51,000,3
002,000659,0,2020/06/23,16:49:58,000,3
002,000215,0,2020/06/23,16:50:46,000,3
004,001065,0,2020/06/23,16:51:57,000,3
002,000888,0,2020/06/23,16:53:30,000,3
004,000139,0,2020/06/23,16:55:02,000,3
002,000715,0,2020/06/23,16:55:14,000,3
001,000363,1,2020/06/23,16:55:52,000,3
002,000207,0,2020/06/23,16:56:42,000,3
004,000228,0,2020/06/23,16:57:56,000,3
004,000566,0,2020/06/23,16:57:59,000,3
002,000286,0,2020/06/23,16:58:39,000,3
002,000514,0,2020/06/23,16:59:44,000,3
004,000564,0,2020/06/23,17:01:57,000,3
002,000167,0,2020/06/23,17:02:34,000,3
004,000110,0,2020/06/23,17:02:55,000,3
004,001067,0,2020/06/23,17:02:58,000,3
004,000914,0,2020/06/23,17:03:22,000,3
002,000441,0,2020/06/23,17:03:44,000,3
002,000520,0,2020/06/23,17:05:50,000,3
002,000491,0,2020/06/23,17:06:02,000,3
004,000517,0,2020/06/23,17:07:15,000,3
004,000741,0,2020/06/23,17:07:18,000,3
001,000263,1,2020/06/23,17:08:47,000,3
004,000279,0,2020/06/23,17:30:26,000,3
002,000324,0,2020/06/23,17:33:17,000,3
002,000438,0,2020/06/23,17:33:20,000,3
003,000690,1,2020/06/23,17:36:02,000,3
004,000527,0,2020/06/23,17:42:46,000,3
002,000887,0,2020/06/23,17:49:12,000,3
002,000891,0,2020/06/23,17:49:15,000,3
002,000886,0,2020/06/23,17:49:18,000,3
002,001011,0,2020/06/23,17:49:22,000,3
002,000637,0,2020/06/23,17:49:25,000,3
002,000890,0,2020/06/23,17:49:28,000,3
004,000156,0,2020/06/23,18:06:28,000,3
002,000638,0,2020/06/23,18:22:51,000,3
003,000859,1,2020/06/23,18:37:32,000,3
003,000641,1,2020/06/23,18:55:49,000,3
003,000556,1,2020/06/23,18:59:15,000,3
004,001082,0,2020/06/23,19:11:26,000,3
004,000774,0,2020/06/23,19:17:05,000,3
004,000771,0,2020/06/23,19:28:47,000,3
004,000588,0,2020/06/23,19:35:31,000,3
003,000801,1,2020/06/23,19:40:11,000,3
002,000697,0,2020/06/23,19:51:04,000,3
003,001000,1,2020/06/23,19:54:06,000,3
004,001004,0,2020/06/23,19:56:11,000,3
003,000668,1,2020/06/23,19:57:41,000,3
004,000667,0,2020/06/23,20:00:20,000,3
004,000677,0,2020/06/23,20:02:14,000,3
003,000661,1,2020/06/23,20:02:37,000,3
003,000919,1,2020/06/23,20:06:13,000,3
002,000594,0,2020/06/23,20:07:05,000,3
002,000603,0,2020/06/23,20:07:16,000,3
001,000672,1,2020/06/23,20:11:47,000,3
003,000846,1,2020/06/23,20:14:08,000,3
002,000706,0,2020/06/23,21:38:43,000,3
003,000573,1,2020/06/23,21:43:52,000,3
004,001078,0,2020/06/23,21:45:09,000,3
004,001080,0,2020/06/23,21:53:27,000,3
004,000175,0,2020/06/23,22:20:14,000,3
004,000541,0,2020/06/23,22:28:35,000,3
002,000903,0,2020/06/23,22:45:16,000,3
004,001029,0,2020/06/23,22:47:58,000,3
003,000604,1,2020/06/23,22:50:16,000,3
001,000587,1,2020/06/23,22:50:58,000,3
004,000605,0,2020/06/23,22:52:55,000,3
003,000607,1,2020/06/23,22:53:59,000,3
003,000685,1,2020/06/23,22:54:02,000,3
003,000550,1,2020/06/23,22:54:18,000,3
004,000302,0,2020/06/23,22:54:50,000,3
004,000589,0,2020/06/23,22:57:11,000,3
004,000907,0,2020/06/23,22:57:58,000,3
003,000583,1,2020/06/23,22:58:05,000,3
003,000577,1,2020/06/23,22:59:58,000,3
003,000702,1,2020/06/23,23:00:04,000,3
004,000577,0,2020/06/23,23:00:27,000,3
003,000537,1,2020/06/23,23:02:00,000,3
004,001081,0,2020/06/23,23:02:04,000,3
003,000578,1,2020/06/23,23:02:11,000,3
004,000579,0,2020/06/23,23:04:47,000,3
004,000623,0,2020/06/23,23:04:52,000,3
004,001070,0,2020/06/23,23:04:59,000,3
002,000709,0,2020/06/23,23:06:43,000,3
004,000621,0,2020/06/23,23:08:00,000,3
004,000570,0,2020/06/23,23:08:28,000,3
004,000904,0,2020/06/23,23:10:46,000,3
004,000770,0,2020/06/23,23:11:33,000,3
004,001071,0,2020/06/23,23:16:04,000,3
004,000576,0,2020/06/23,23:16:09,000,3
004,000265,0,2020/06/23,23:18:12,000,3
002,000217,0,2020/06/23,23:28:31,000,3
004,000821,0,2020/06/23,23:32:49,000,3
004,000263,0,2020/06/23,23:39:19,000,3
004,000096,0,2020/06/23,23:54:05,000,3
001,000625,1,2020/06/24,05:29:29,000,3
001,000636,1,2020/06/24,05:29:32,000,3
001,000630,1,2020/06/24,05:29:35,000,3
001,000635,1,2020/06/24,05:29:38,000,3
001,001010,1,2020/06/24,05:29:42,000,3
001,000624,1,2020/06/24,05:29:45,000,3
001,000640,1,2020/06/24,05:57:58,000,3
003,000868,1,2020/06/24,06:30:28,000,3
001,000557,1,2020/06/24,06:41:00,000,3
001,000609,1,2020/06/24,06:44:00,000,3
003,000540,1,2020/06/24,06:44:17,000,3
003,001077,1,2020/06/24,06:46:38,000,3
003,000779,1,2020/06/24,06:46:41,000,3
003,000554,1,2020/06/24,06:48:11,000,3
003,000777,1,2020/06/24,06:48:15,000,3
003,000569,1,2020/06/24,06:48:25,000,3
003,000565,1,2020/06/24,06:48:29,000,3
003,000542,1,2020/06/24,06:48:32,000,3
003,001076,1,2020/06/24,06:49:35,000,3
003,000301,1,2020/06/24,06:50:00,000,3
003,000543,1,2020/06/24,06:52:14,000,3
003,000704,1,2020/06/24,06:52:48,000,3
003,000562,1,2020/06/24,06:52:51,000,3
003,000567,1,2020/06/24,06:53:34,000,3
004,000604,0,2020/06/24,06:54:49,000,3
001,001069,1,2020/06/24,06:56:48,000,3
003,000758,1,2020/06/24,06:57:11,000,3
003,000558,1,2020/06/24,06:58:51,000,3
003,000867,1,2020/06/24,06:58:55,000,3
003,000552,1,2020/06/24,06:59:11,000,3
003,001074,1,2020/06/24,07:00:12,000,3
004,000550,0,2020/06/24,07:01:07,000,3
003,000551,1,2020/06/24,07:03:08,000,3
004,000577,0,2020/06/24,07:03:33,000,3
004,000607,0,2020/06/24,07:04:10,000,3
002,000702,0,2020/06/24,07:04:36,000,3
001,000545,1,2020/06/24,07:06:02,000,3
001,000548,1,2020/06/24,07:06:26,000,3
004,000573,0,2020/06/24,07:06:29,000,3
004,000578,0,2020/06/24,07:06:35,000,3
004,000537,0,2020/06/24,07:06:40,000,3
002,000685,0,2020/06/24,07:07:26,000,3
003,000710,1,2020/06/24,07:07:42,000,3
003,000774,1,2020/06/24,07:07:47,000,3
003,000536,1,2020/06/24,07:09:34,000,3
003,001075,1,2020/06/24,07:09:40,000,3
003,000574,1,2020/06/24,07:10:24,000,3
002,000587,0,2020/06/24,07:10:26,000,3
003,000571,1,2020/06/24,07:11:45,000,3
003,000559,1,2020/06/24,07:12:41,000,3
003,000581,1,2020/06/24,07:12:46,000,3
003,000855,1,2020/06/24,07:12:50,000,3
004,000583,0,2020/06/24,07:12:52,000,3
003,000608,1,2020/06/24,07:12:54,000,3
003,000850,1,2020/06/24,07:12:58,000,3
003,001073,1,2020/06/24,07:14:30,000,3
003,000568,1,2020/06/24,07:15:11,000,3
003,000893,1,2020/06/24,07:15:26,000,3
002,000341,0,2020/06/24,07:17:21,000,3
001,001068,1,2020/06/24,07:17:24,000,3
001,001072,1,2020/06/24,07:17:28,000,3
004,000641,0,2020/06/24,07:17:45,000,3
003,000564,1,2020/06/24,07:23:48,000,3
003,000549,1,2020/06/24,07:23:53,000,3
004,000859,0,2020/06/24,07:24:45,000,3
004,000556,0,2020/06/24,07:28:24,000,3
003,000717,1,2020/06/24,07:29:23,000,3
003,000782,1,2020/06/24,07:29:57,000,3
003,000096,1,2020/06/24,07:30:01,000,3
004,000403,0,2020/06/24,07:33:29,000,3
003,000523,1,2020/06/24,07:34:32,000,3
003,000528,1,2020/06/24,07:35:01,000,3
003,000015,1,2020/06/24,07:36:23,000,3
003,000530,1,2020/06/24,07:39:00,000,3
001,000286,1,2020/06/24,07:39:06,000,3
004,000245,0,2020/06/24,07:39:44,000,3
003,000778,1,2020/06/24,07:39:48,000,3
003,000499,1,2020/06/24,07:39:53,000,3
002,000286,0,2020/06/24,07:39:57,000,3
003,000175,1,2020/06/24,07:40:46,000,3
003,000723,1,2020/06/24,07:41:02,000,3
003,000519,1,2020/06/24,07:41:06,000,3
001,000307,1,2020/06/24,07:41:22,000,3
003,000208,1,2020/06/24,07:42:09,000,3
003,001004,1,2020/06/24,07:42:30,000,3
003,000612,1,2020/06/24,07:42:39,000,3
004,000363,0,2020/06/24,07:43:09,000,3
003,000469,1,2020/06/24,07:43:16,000,3
003,000140,1,2020/06/24,07:45:32,000,3
001,000152,1,2020/06/24,07:45:35,000,3
003,000295,1,2020/06/24,07:45:37,000,3
003,000518,1,2020/06/24,07:45:40,000,3
001,000491,1,2020/06/24,07:46:24,000,3
004,000668,0,2020/06/24,07:47:00,000,3
001,000598,1,2020/06/24,07:47:36,000,3
001,000507,1,2020/06/24,07:48:24,000,3
002,000303,0,2020/06/24,07:48:27,000,3
003,000155,1,2020/06/24,07:48:50,000,3
004,000661,0,2020/06/24,07:50:00,000,3
001,000747,1,2020/06/24,07:50:05,000,3
001,000618,1,2020/06/24,07:50:55,000,3
003,000566,1,2020/06/24,07:51:08,000,3
003,000823,1,2020/06/24,07:51:12,000,3
003,000953,1,2020/06/24,07:51:16,000,3
004,000247,0,2020/06/24,07:51:19,000,3
001,000159,1,2020/06/24,07:51:27,000,3
001,000310,1,2020/06/24,07:51:31,000,3
001,000166,1,2020/06/24,07:51:35,000,3
001,000884,1,2020/06/24,07:51:38,000,3
001,000356,1,2020/06/24,07:51:41,000,3
001,000366,1,2020/06/24,07:51:44,000,3
001,000959,1,2020/06/24,07:51:47,000,3
001,001065,1,2020/06/24,07:51:51,000,3
001,000944,1,2020/06/24,07:51:56,000,3
003,000268,1,2020/06/24,07:53:13,000,3
001,000813,1,2020/06/24,07:53:21,000,3
003,000010,1,2020/06/24,07:53:26,000,3
003,000211,1,2020/06/24,07:53:31,000,3
001,000692,1,2020/06/24,07:53:39,000,3
001,000275,1,2020/06/24,07:53:54,000,3
001,000115,1,2020/06/24,07:53:58,000,3
003,000242,1,2020/06/24,07:54:16,000,3
003,000192,1,2020/06/24,07:54:19,000,3
004,000825,0,2020/06/24,07:54:28,000,3
003,000243,1,2020/06/24,07:54:31,000,3
003,000156,1,2020/06/24,07:54:39,000,3
001,000424,1,2020/06/24,07:54:41,000,3
003,000008,1,2020/06/24,07:54:44,000,3
001,000413,1,2020/06/24,07:54:45,000,3
003,000526,1,2020/06/24,07:55:16,000,3
003,000213,1,2020/06/24,07:55:21,000,3
001,000312,1,2020/06/24,07:55:21,000,3
003,000534,1,2020/06/24,07:55:26,000,3
003,000182,1,2020/06/24,07:55:45,000,3
004,000384,0,2020/06/24,07:55:45,000,3
001,001032,1,2020/06/24,07:56:04,000,3
003,000516,1,2020/06/24,07:56:11,000,3
003,000863,1,2020/06/24,07:56:28,000,3
001,000510,1,2020/06/24,07:56:35,000,3
001,000656,1,2020/06/24,07:56:47,000,3
001,000497,1,2020/06/24,07:56:59,000,3
001,000336,1,2020/06/24,07:57:19,000,3
003,000154,1,2020/06/24,07:57:38,000,3
001,000762,1,2020/06/24,07:57:40,000,3
001,000900,1,2020/06/24,07:57:47,000,3
003,000238,1,2020/06/24,07:58:14,000,3
001,000177,1,2020/06/24,07:58:40,000,3
003,000620,1,2020/06/24,07:59:04,000,3
003,000524,1,2020/06/24,07:59:08,000,3
003,001028,1,2020/06/24,07:59:11,000,3
001,000741,1,2020/06/24,07:59:12,000,3
001,000896,1,2020/06/24,07:59:24,000,3
003,000387,1,2020/06/24,07:59:37,000,3
001,000611,1,2020/06/24,07:59:49,000,3
001,000725,1,2020/06/24,07:59:53,000,3
001,000285,1,2020/06/24,07:59:57,000,3
001,000184,1,2020/06/24,08:00:00,000,3
001,000466,1,2020/06/24,08:00:04,000,3
004,001000,0,2020/06/24,08:00:13,000,3
004,000672,0,2020/06/24,08:00:17,000,3
003,000517,1,2020/06/24,08:00:23,000,3
003,000294,1,2020/06/24,08:00:36,000,3
003,000130,1,2020/06/24,08:00:40,000,3
003,000124,1,2020/06/24,08:00:43,000,3
003,000097,1,2020/06/24,08:00:47,000,3
001,000134,1,2020/06/24,08:00:48,000,3
003,000429,1,2020/06/24,08:00:55,000,3
003,000240,1,2020/06/24,08:00:58,000,3
001,000218,1,2020/06/24,08:01:10,000,3
001,000206,1,2020/06/24,08:01:16,000,3
003,000006,1,2020/06/24,08:01:38,000,3
003,000098,1,2020/06/24,08:01:42,000,3
003,000233,1,2020/06/24,08:01:48,000,3
001,000150,1,2020/06/24,08:01:51,000,3
001,001005,1,2020/06/24,08:01:59,000,3
003,001001,1,2020/06/24,08:02:03,000,3
003,000176,1,2020/06/24,08:02:08,000,3
001,000632,1,2020/06/24,08:02:10,000,3
001,000492,1,2020/06/24,08:02:15,000,3
001,000872,1,2020/06/24,08:02:19,000,3
003,000501,1,2020/06/24,08:02:22,000,3
001,000372,1,2020/06/24,08:02:24,000,3
003,000016,1,2020/06/24,08:02:26,000,3
001,000228,1,2020/06/24,08:02:27,000,3
001,000738,1,2020/06/24,08:02:31,000,3
003,000817,1,2020/06/24,08:02:33,000,3
001,000914,1,2020/06/24,08:02:35,000,3
001,000681,1,2020/06/24,08:02:39,000,3
003,000659,1,2020/06/24,08:02:44,000,3
001,000663,1,2020/06/24,08:02:53,000,3
003,001066,1,2020/06/24,08:03:00,000,3
003,000201,1,2020/06/24,08:03:18,000,3
003,000195,1,2020/06/24,08:03:25,000,3
003,000400,1,2020/06/24,08:03:42,000,3
001,000943,1,2020/06/24,08:03:55,000,3
003,000697,1,2020/06/24,08:04:03,000,3
003,000695,1,2020/06/24,08:04:06,000,3
001,000879,1,2020/06/24,08:04:07,000,3
001,000110,1,2020/06/24,08:04:12,000,3
003,000009,1,2020/06/24,08:04:16,000,3
001,000428,1,2020/06/24,08:04:22,000,3
003,000960,1,2020/06/24,08:04:24,000,3
003,000458,1,2020/06/24,08:04:27,000,3
004,000011,0,2020/06/24,08:04:29,000,3
003,000841,1,2020/06/24,08:04:35,000,3
001,000505,1,2020/06/24,08:04:37,000,3
003,000529,1,2020/06/24,08:04:38,000,3
001,000215,1,2020/06/24,08:04:40,000,3
003,000633,1,2020/06/24,08:04:42,000,3
001,000875,1,2020/06/24,08:04:44,000,3
003,000527,1,2020/06/24,08:04:46,000,3
001,000514,1,2020/06/24,08:04:47,000,3
003,000319,1,2020/06/24,08:04:49,000,3
003,000655,1,2020/06/24,08:04:52,000,3
004,000415,0,2020/06/24,08:04:55,000,3
001,000906,1,2020/06/24,08:04:55,000,3
003,001036,1,2020/06/24,08:04:56,000,3
001,000698,1,2020/06/24,08:04:58,000,3
003,000118,1,2020/06/24,08:05:03,000,3
003,000610,1,2020/06/24,08:05:07,000,3
003,000099,1,2020/06/24,08:05:14,000,3
001,000613,1,2020/06/24,08:05:16,000,3
001,000849,1,2020/06/24,08:05:23,000,3
003,000815,1,2020/06/24,08:05:28,000,3
001,000714,1,2020/06/24,08:05:36,000,3
004,001050,0,2020/06/24,08:05:37,000,3
003,000188,1,2020/06/24,08:05:49,000,3
003,000767,1,2020/06/24,08:06:03,000,3
001,000496,1,2020/06/24,08:06:09,000,3
001,000207,1,2020/06/24,08:06:12,000,3
003,000915,1,2020/06/24,08:06:12,000,3
001,000362,1,2020/06/24,08:06:16,000,3
001,000348,1,2020/06/24,08:06:19,000,3
001,000277,1,2020/06/24,08:06:23,000,3
001,000377,1,2020/06/24,08:06:26,000,3
004,000919,0,2020/06/24,08:06:33,000,3
001,000368,1,2020/06/24,08:06:37,000,3
001,000364,1,2020/06/24,08:06:41,000,3
001,000520,1,2020/06/24,08:06:44,000,3
003,000100,1,2020/06/24,08:06:46,000,3
004,000473,0,2020/06/24,08:06:50,000,3
003,000842,1,2020/06/24,08:06:51,000,3
003,000763,1,2020/06/24,08:07:05,000,3
001,000820,1,2020/06/24,08:07:17,000,3
004,000352,0,2020/06/24,08:07:21,000,3
004,000405,0,2020/06/24,08:07:29,000,3
003,000017,1,2020/06/24,08:07:40,000,3
001,000216,1,2020/06/24,08:08:05,000,3
003,001037,1,2020/06/24,08:08:08,000,3
001,000189,1,2020/06/24,08:08:09,000,3
001,000120,1,2020/06/24,08:08:29,000,3
001,000373,1,2020/06/24,08:08:32,000,3
003,000279,1,2020/06/24,08:08:57,000,3
001,000769,1,2020/06/24,08:09:23,000,3
001,000664,1,2020/06/24,08:10:07,000,3
003,000260,1,2020/06/24,08:10:10,000,3
001,000861,1,2020/06/24,08:10:39,000,3
003,000504,1,2020/06/24,08:11:03,000,3
002,000261,0,2020/06/24,08:11:30,000,3
004,000101,0,2020/06/24,08:11:31,000,3
003,000018,1,2020/06/24,08:11:35,000,3
001,000235,1,2020/06/24,08:11:37,000,3
004,000123,0,2020/06/24,08:11:49,000,3
003,000830,1,2020/06/24,08:11:49,000,3
001,000038,1,2020/06/24,08:12:12,000,3
003,000360,1,2020/06/24,08:12:12,000,3
001,000338,1,2020/06/24,08:12:16,000,3
003,000870,1,2020/06/24,08:12:27,000,3
001,000521,1,2020/06/24,08:12:52,000,3
003,000498,1,2020/06/24,08:13:19,000,3
003,000198,1,2020/06/24,08:13:28,000,3
001,000508,1,2020/06/24,08:13:42,000,3
003,001047,1,2020/06/24,08:13:42,000,3
003,000204,1,2020/06/24,08:13:46,000,3
001,000114,1,2020/06/24,08:13:51,000,3
001,000367,1,2020/06/24,08:14:02,000,3
001,000365,1,2020/06/24,08:14:06,000,3
003,000379,1,2020/06/24,08:14:10,000,3
001,000444,1,2020/06/24,08:14:10,000,3
001,000682,1,2020/06/24,08:14:24,000,3
003,000104,1,2020/06/24,08:14:31,000,3
003,001003,1,2020/06/24,08:14:42,000,3
003,000699,1,2020/06/24,08:14:45,000,3
001,000899,1,2020/06/24,08:15:02,000,3
003,000515,1,2020/06/24,08:16:13,000,3
003,000005,1,2020/06/24,08:16:19,000,3
003,000396,1,2020/06/24,08:16:48,000,3
001,000440,1,2020/06/24,08:16:57,000,3
001,000834,1,2020/06/24,08:17:28,000,3
003,000761,1,2020/06/24,08:17:42,000,3
001,000408,1,2020/06/24,08:17:43,000,3
001,000438,1,2020/06/24,08:17:46,000,3
001,000435,1,2020/06/24,08:17:49,000,3
003,000358,1,2020/06/24,08:18:22,000,3
003,000350,1,2020/06/24,08:18:26,000,3
001,000343,1,2020/06/24,08:18:41,000,3
002,000756,0,2020/06/24,08:18:47,000,3
002,000434,0,2020/06/24,08:18:51,000,3
003,001082,1,2020/06/24,08:19:47,000,3
004,000203,0,2020/06/24,08:21:15,000,3
004,000381,0,2020/06/24,08:21:23,000,3
001,000441,1,2020/06/24,08:21:23,000,3
002,000382,0,2020/06/24,08:21:41,000,3
001,000835,1,2020/06/24,08:21:58,000,3
003,000921,1,2020/06/24,08:23:08,000,3
002,000161,0,2020/06/24,08:23:16,000,3
002,000128,0,2020/06/24,08:25:24,000,3
004,000654,0,2020/06/24,08:25:26,000,3
003,001063,1,2020/06/24,08:26:23,000,3
001,000351,1,2020/06/24,08:26:37,000,3
002,001021,0,2020/06/24,08:27:06,000,3
001,000512,1,2020/06/24,08:27:15,000,3
002,000292,0,2020/06/24,08:27:23,000,3
004,000759,0,2020/06/24,08:27:36,000,3
004,000148,0,2020/06/24,08:27:59,000,3
001,000422,1,2020/06/24,08:28:27,000,3
002,000305,0,2020/06/24,08:28:30,000,3
004,000270,0,2020/06/24,08:29:01,000,3
001,000453,1,2020/06/24,08:29:02,000,3
004,000119,0,2020/06/24,08:30:53,000,3
002,000818,0,2020/06/24,08:31:04,000,3
002,000406,0,2020/06/24,08:32:42,000,3
004,000897,0,2020/06/24,08:32:43,000,3
001,000167,1,2020/06/24,08:32:44,000,3
004,000954,0,2020/06/24,08:35:56,000,3
004,000749,0,2020/06/24,08:36:14,000,3
003,000996,1,2020/06/24,08:38:19,000,3
001,000715,1,2020/06/24,08:40:15,000,3
004,001064,0,2020/06/24,08:41:11,000,3
004,001031,0,2020/06/24,08:43:01,000,3
001,000369,1,2020/06/24,08:47:20,000,3
003,000309,1,2020/06/24,08:49:59,000,3
004,000948,0,2020/06/24,08:53:35,000,3
001,000324,1,2020/06/24,08:56:07,000,3
004,000752,0,2020/06/24,08:59:40,000,3
003,001067,1,2020/06/24,09:01:01,000,3
004,000801,0,2020/06/24,09:10:55,000,3
004,000289,0,2020/06/24,09:25:25,000,3
001,000489,1,2020/06/24,09:25:54,000,3
003,000383,1,2020/06/24,09:33:00,000,3
002,000171,0,2020/06/24,09:34:11,000,3
001,000637,1,2020/06/24,09:54:03,000,3
001,000891,1,2020/06/24,09:54:07,000,3
001,000887,1,2020/06/24,09:57:14,000,3
001,000638,1,2020/06/24,09:57:17,000,3
001,000890,1,2020/06/24,10:01:06,000,3
001,000888,1,2020/06/24,10:06:53,000,3
003,001078,1,2020/06/24,10:07:47,000,3
003,001080,1,2020/06/24,10:09:27,000,3
001,001011,1,2020/06/24,10:10:10,000,3
001,000886,1,2020/06/24,10:10:13,000,3
001,000639,1,2020/06/24,10:16:49,000,3
004,000862,0,2020/06/24,10:57:46,000,3
004,000156,0,2020/06/24,12:32:10,000,3
004,000188,0,2020/06/24,13:21:36,000,3
002,000640,0,2020/06/24,13:53:33,000,3
004,000309,0,2020/06/24,13:56:06,000,3
003,000570,1,2020/06/24,14:01:22,000,3
002,000636,0,2020/06/24,14:10:15,000,3
002,000635,0,2020/06/24,14:10:19,000,3
002,001010,0,2020/06/24,14:10:24,000,3
002,000630,0,2020/06/24,14:10:28,000,3
002,000624,0,2020/06/24,14:10:31,000,3
004,000834,0,2020/06/24,14:10:33,000,3
002,000625,0,2020/06/24,14:10:35,000,3
002,000543,0,2020/06/24,14:17:18,000,3
001,000709,1,2020/06/24,14:19:42,000,3
002,000120,0,2020/06/24,14:34:32,000,3
001,000706,1,2020/06/24,14:38:23,000,3
003,000621,1,2020/06/24,14:38:51,000,3
003,001070,1,2020/06/24,14:42:12,000,3
003,000605,1,2020/06/24,14:42:36,000,3
004,000301,0,2020/06/24,14:45:59,000,3
002,000953,0,2020/06/24,14:48:31,000,3
003,000623,1,2020/06/24,14:51:02,000,3
004,000540,0,2020/06/24,14:53:03,000,3
003,000589,1,2020/06/24,14:53:55,000,3
001,000541,1,2020/06/24,14:54:26,000,3
004,000551,0,2020/06/24,14:55:20,000,3
002,000571,0,2020/06/24,14:55:55,000,3
004,000850,0,2020/06/24,14:56:04,000,3
003,001081,1,2020/06/24,14:56:06,000,3
003,000579,1,2020/06/24,14:56:11,000,3
004,000536,0,2020/06/24,14:57:15,000,3
004,000568,0,2020/06/24,14:57:19,000,3
002,000574,0,2020/06/24,14:58:45,000,3
001,000180,1,2020/06/24,15:00:01,000,3
002,000557,0,2020/06/24,15:01:33,000,3
004,000567,0,2020/06/24,15:01:50,000,3
004,000542,0,2020/06/24,15:01:55,000,3
004,000565,0,2020/06/24,15:01:58,000,3
003,000904,1,2020/06/24,15:02:31,000,3
002,001069,0,2020/06/24,15:02:42,000,3
004,001073,0,2020/06/24,15:02:46,000,3
003,000021,1,2020/06/24,15:03:11,000,3
003,000907,1,2020/06/24,15:03:30,000,3
002,001072,0,2020/06/24,15:04:04,000,3
002,001068,0,2020/06/24,15:04:44,000,3
004,000608,0,2020/06/24,15:05:53,000,3
001,000903,1,2020/06/24,15:06:13,000,3
003,000302,1,2020/06/24,15:06:48,000,3
004,000552,0,2020/06/24,15:06:54,000,3
004,000581,0,2020/06/24,15:07:00,000,3
003,000770,1,2020/06/24,15:07:03,000,3
004,000559,0,2020/06/24,15:07:43,000,3
003,000576,1,2020/06/24,15:07:47,000,3
003,001071,1,2020/06/24,15:07:51,000,3
002,001077,0,2020/06/24,15:08:06,000,3
002,000548,0,2020/06/24,15:08:44,000,3
002,000777,0,2020/06/24,15:08:52,000,3
003,000136,1,2020/06/24,15:09:00,000,3
004,000867,0,2020/06/24,15:13:20,000,3
004,000569,0,2020/06/24,15:13:57,000,3
004,000893,0,2020/06/24,15:15:09,000,3
002,000758,0,2020/06/24,15:17:40,000,3
002,000545,0,2020/06/24,15:18:35,000,3
004,000562,0,2020/06/24,15:18:50,000,3
001,000354,1,2020/06/24,15:22:17,000,3
002,000879,0,2020/06/24,15:23:54,000,3
002,000823,0,2020/06/24,15:23:57,000,3
004,000549,0,2020/06/24,15:24:47,000,3
004,000554,0,2020/06/24,15:27:08,000,3
004,000558,0,2020/06/24,15:27:35,000,3
004,001076,0,2020/06/24,15:29:26,000,3
003,001029,1,2020/06/24,15:29:55,000,3
002,000307,0,2020/06/24,15:30:11,000,3
004,001075,0,2020/06/24,15:30:19,000,3
003,000472,1,2020/06/24,15:30:41,000,3
002,000320,0,2020/06/24,15:31:03,000,3
003,000254,1,2020/06/24,15:32:39,000,3
003,000986,1,2020/06/24,15:36:34,000,3
001,000447,1,2020/06/24,15:37:10,000,3
001,000144,1,2020/06/24,15:39:26,000,3
003,000225,1,2020/06/24,15:39:48,000,3
004,000761,0,2020/06/24,15:40:49,000,3
003,001033,1,2020/06/24,15:42:54,000,3
004,000469,0,2020/06/24,15:43:00,000,3
004,000213,0,2020/06/24,15:44:31,000,3
001,000788,1,2020/06/24,15:45:34,000,3
002,000348,0,2020/06/24,15:46:13,000,3
004,000842,0,2020/06/24,15:46:59,000,3
001,000149,1,2020/06/24,15:47:07,000,3
002,000312,0,2020/06/24,15:47:14,000,3
004,000620,0,2020/06/24,15:47:34,000,3
001,000121,1,2020/06/24,15:48:06,000,3
004,000118,0,2020/06/24,15:48:49,000,3
004,000182,0,2020/06/24,15:49:55,000,3
004,000704,0,2020/06/24,15:50:50,000,3
004,000723,0,2020/06/24,15:51:24,000,3
001,000296,1,2020/06/24,15:51:33,000,3
004,000195,0,2020/06/24,15:51:43,000,3
004,000010,0,2020/06/24,15:52:00,000,3
004,000453,0,2020/06/24,15:52:49,000,3
001,001023,1,2020/06/24,15:52:59,000,3
001,000271,1,2020/06/24,15:53:07,000,3
004,000175,0,2020/06/24,15:53:26,000,3
002,000343,0,2020/06/24,15:53:28,000,3
003,001030,1,2020/06/24,15:54:43,000,3
001,000258,1,2020/06/24,15:55:00,000,3
001,000402,1,2020/06/24,15:55:03,000,3
003,000942,1,2020/06/24,15:55:12,000,3
001,000108,1,2020/06/24,15:55:45,000,3
004,000006,0,2020/06/24,15:56:30,000,3
004,000501,0,2020/06/24,15:56:36,000,3
001,000926,1,2020/06/24,15:56:39,000,3
003,001060,1,2020/06/24,15:56:41,000,3
004,000906,0,2020/06/24,15:56:52,000,3
004,000466,0,2020/06/24,15:57:00,000,3
002,000310,0,2020/06/24,15:57:25,000,3
001,000941,1,2020/06/24,15:57:34,000,3
004,000507,0,2020/06/24,15:58:16,000,3
002,000356,0,2020/06/24,15:58:34,000,3
004,000140,0,2020/06/24,15:58:36,000,3
002,000366,0,2020/06/24,15:58:37,000,3
002,000367,0,2020/06/24,15:58:41,000,3
004,000018,0,2020/06/24,15:58:43,000,3
002,000365,0,2020/06/24,15:58:44,000,3
004,000016,0,2020/06/24,15:58:47,000,3
002,000872,0,2020/06/24,15:58:49,000,3
004,000100,0,2020/06/24,15:58:50,000,3
001,000280,1,2020/06/24,15:59:02,000,3
001,000885,1,2020/06/24,15:59:18,000,3
002,000377,0,2020/06/24,15:59:23,000,3
002,000277,0,2020/06/24,15:59:27,000,3
003,000236,1,2020/06/24,15:59:38,000,3
001,000865,1,2020/06/24,16:01:56,000,3
004,000218,0,2020/06/24,16:02:04,000,3
003,001053,1,2020/06/24,16:02:05,000,3
002,000364,0,2020/06/24,16:02:16,000,3
002,000368,0,2020/06/24,16:02:19,000,3
004,001036,0,2020/06/24,16:02:43,000,3
004,000358,0,2020/06/24,16:02:46,000,3
004,000350,0,2020/06/24,16:02:50,000,3
002,000899,0,2020/06/24,16:03:17,000,3
003,000952,1,2020/06/24,16:03:23,000,3
003,000222,1,2020/06/24,16:03:27,000,3
004,001047,0,2020/06/24,16:03:45,000,3
004,000009,0,2020/06/24,16:04:33,000,3
001,000743,1,2020/06/24,16:05:00,000,3
002,000424,0,2020/06/24,16:05:40,000,3
004,000534,0,2020/06/24,16:06:22,000,3
004,000015,0,2020/06/24,16:06:39,000,3
004,000960,0,2020/06/24,16:06:59,000,3
001,000281,1,2020/06/24,16:07:47,000,3
002,001028,0,2020/06/24,16:07:56,000,3
002,000861,0,2020/06/24,16:08:21,000,3
004,000189,0,2020/06/24,16:08:34,000,3
002,000413,0,2020/06/24,16:08:36,000,3
004,001003,0,2020/06/24,16:08:38,000,3
004,000566,0,2020/06/24,16:08:45,000,3
004,000242,0,2020/06/24,16:08:54,000,3
002,000336,0,2020/06/24,16:09:03,000,3
004,000319,0,2020/06/24,16:09:22,000,3
004,000387,0,2020/06/24,16:11:23,000,3
004,000176,0,2020/06/24,16:11:42,000,3
002,000201,0,2020/06/24,16:11:49,000,3
